# logA ns theta_MC_100 ombh2 omch2 tau
8.900984599999999794e-04 1.536631399999999919e-04 2.106830199999999831e-05 5.706056800000000300e-06 2.160719700000000054e-05 3.559667699999999996e-04
1.536631399999999919e-04 1.041288399999999942e-04 7.800383200000000780e-06 3.486647999999999842e-06 3.790025200000000069e-06 4.271544299999999861e-05
2.106830199999999831e-05 7.800383200000000780e-06 4.131978999999999627e-06 4.510165200000000004e-07 2.865002000000000153e-06 2.076111000000000001e-06
5.706056800000000300e-06 3.486647999999999842e-06 4.510165200000000004e-07 1.881386100000000028e-07 3.038747899999999922e-07 1.363437500000000022e-06
2.160719700000000054e-05 3.790025200000000069e-06 2.865002000000000153e-06 3.038747899999999922e-07 4.299095500000000249e-06 8.136245700000000099e-07
3.559667699999999996e-04 4.271544299999999861e-05 2.076111000000000001e-06 1.363437500000000022e-06 8.136245700000000099e-07 1.676409899999999889e-04
