# logA ns theta_MC_100 ombh2 omch2 w wa tau A_planck calib_100T calib_217T A_cib_217 xi_sz_cib A_sz ksz_norm gal545_A_100 gal545_A_143 gal545_A_143_217 gal545_A_217 ps_A_100_100 ps_A_143_143 ps_A_143_217 ps_A_217_217 galf_TE_A_100 galf_TE_A_100_143 galf_TE_A_100_217 galf_TE_A_143 galf_TE_A_143_217 galf_TE_A_217
1.799184235648916509e-04 1.369094273702686025e-05 6.123800281916857040e-07 4.804741152488971493e-07 -5.257801780719924618e-06 -1.269275351194427482e-04 9.870909869101607281e-04 9.342802904458561201e-05 2.090729314411353485e-06 3.837070200357466854e-08 1.330705294422178130e-10 -2.229172877914892444e-03 5.187410098558625852e-05 3.101557807549278328e-04 -9.769776383504935255e-04 -5.288978014998532099e-04 -7.825422438743267692e-04 -1.176870572155474040e-03 2.079265530288671815e-04 -1.011023309943229892e-02 -5.816744856564319034e-03 -1.451139049751603389e-03 2.530759956821025886e-04 6.487396445895858625e-08 3.155105997134584772e-06 -6.286664688549042633e-06 -5.784435110578105635e-06 -2.121332695275222389e-05 -1.057699449087467163e-04
1.369094273702686025e-05 1.469472013005264232e-05 2.508979803376690836e-07 1.708401054031208171e-07 -2.325443200736292929e-06 -2.490596664580917321e-05 2.593282861084160061e-04 9.035430379062973626e-06 1.228162123294251496e-06 -5.916417733452436631e-08 -1.172721854429955205e-07 -3.857962985615216115e-03 6.044421636190422896e-05 7.553672642427449336e-04 -2.058127919842323277e-03 2.752190990667519217e-04 -5.038820728605345389e-04 -7.682355459811299149e-04 6.230085050193188805e-04 -2.083744143983475364e-02 -6.782728331878865556e-03 2.941801118213324727e-04 4.086077061202396908e-03 -1.635381635233672791e-08 1.100264316860081721e-06 3.225520141969736233e-06 -1.504954840687702523e-06 -2.191656893757616263e-06 -9.361216085142018683e-06
6.123800281916857040e-07 2.508979803376690836e-07 8.601241049677397875e-08 1.177431761462851087e-08 -5.754218472242331561e-08 -1.395754734936643271e-06 1.278317210411822493e-05 2.618092890172905380e-07 6.706274297423287775e-08 6.446931887262297626e-10 1.498346697971645277e-09 1.769296318420562753e-05 -2.791861797260427712e-07 5.658983245137323992e-06 5.905532409032631281e-07 7.837859472826521096e-07 1.534857375213012244e-06 4.056813991700702387e-06 5.051667332672467008e-06 -6.732171410463711858e-05 -5.130019144687211551e-05 -4.123953233197236260e-05 -4.739399034841483934e-05 5.292560778011034718e-08 2.375037280655746171e-09 8.338940803167768639e-08 -1.289721306081986341e-07 4.919866001052862632e-08 -4.070656677070157641e-07
4.804741152488971493e-07 1.708401054031208171e-07 1.177431761462851087e-08 1.841934941692173626e-08 -6.140691819133760477e-08 -7.591754347000986775e-07 8.110546390557365080e-06 2.388021359728721422e-07 3.447599180082420062e-08 2.917232475506224846e-09 -1.141570973341688077e-09 -6.279867999514311065e-05 1.470188631566813347e-06 1.391297280335566506e-05 -2.665801177269512808e-05 -4.188571953557995893e-06 -1.129923126424835014e-05 -1.365468841758240346e-05 5.686164063687200005e-06 -2.400957893382463335e-04 -1.919029591211940942e-04 -7.762602115999234264e-05 -7.994138180697614056e-06 -3.782770238547168170e-08 -5.571547828492510140e-08 -1.904708390814535837e-07 -1.360196505140410261e-07 -5.557630771695614241e-07 -2.322917175724207632e-06
-5.257801780719924618e-06 -2.325443200736292929e-06 -5.754218472242331561e-08 -6.140691819133760477e-08 9.669466121014488233e-07 9.894593299490142852e-06 -1.042243020051335581e-04 -3.104820684861984744e-06 -6.448713352042645914e-07 -8.371596569206162773e-09 9.803976396447051214e-09 6.823674103007279577e-05 -1.925390719718802031e-06 -3.939500469973860252e-05 9.264445338898728583e-05 -4.644626434829240526e-06 5.788317674887480120e-05 1.047487189472660267e-04 4.468104582760099269e-05 5.386091744367993211e-04 5.716049788542738657e-04 2.513689579111035434e-04 2.072512476809519047e-05 3.850547212202545560e-07 -1.128216506542116311e-07 4.773213628258625823e-07 3.653694659366498936e-07 2.339509891863154305e-06 8.592607509392513092e-06
-1.269275351194427482e-04 -2.490596664580917321e-05 -1.395754734936643271e-06 -7.591754347000986775e-07 9.894593299490142852e-06 3.910900581541101005e-03 -1.537301522920224775e-02 -5.935570289367261121e-05 -1.413893111411095142e-05 -2.443039846385788635e-07 6.849644947006961044e-07 -2.682297708441729045e-03 4.629369563502091221e-05 9.923223086554667626e-04 5.382024566583294180e-04 -1.319247716479642063e-03 -5.231298147482045567e-04 4.369106531513822743e-03 6.392763806299803057e-03 6.524844684774499387e-03 6.262889021571172582e-03 4.524618123776993212e-03 4.833439294284480061e-04 -1.911997421577631593e-05 6.534484429297444114e-06 2.285003825134449902e-06 2.795293250718017315e-05 -1.221269708479464649e-05 -4.264983216327152341e-05
9.870909869101605113e-04 2.593282861084159519e-04 1.278317210411822662e-05 8.110546390557365080e-06 -1.042243020051335581e-04 -1.537301522920224775e-02 7.543100949957243229e-02 4.934926066632684466e-04 1.111941595980458315e-04 2.353544603098358007e-06 -3.243822372772906150e-06 1.047277067653375887e-02 5.706301776330110868e-04 -5.806373941256489507e-03 -6.653458656967484001e-03 3.163570774277098263e-03 -3.622633294870257654e-03 -3.060499046542352122e-02 -3.694603108069755004e-02 -2.003010584790017659e-02 -5.484019135093249481e-02 -3.230266263570361757e-02 -9.865502384283082737e-03 1.241508036749113246e-04 -1.029621751395999166e-05 -4.137910826443742503e-05 -1.451782839341120735e-04 -1.491844114943851566e-04 -3.209564672755493711e-04
9.342802904458561201e-05 9.035430379062973626e-06 2.618092890172905380e-07 2.388021359728721422e-07 -3.104820684861985168e-06 -5.935570289367261121e-05 4.934926066632684466e-04 5.359875069234075912e-05 -2.900599728274063955e-06 -1.274530180871029910e-08 3.256687325521547949e-09 -1.545225815560360462e-03 1.231557687079015684e-05 2.596173892957174796e-04 -4.480345917767581711e-04 -2.128448408112798237e-04 -2.312568141111669584e-04 -4.532183766596574264e-04 -1.822058972973406314e-04 -6.830323895919261645e-03 -4.271203093702712582e-03 -1.692538349982999988e-03 -1.230123642514755877e-03 -9.458227186637639700e-07 2.149883532536630027e-06 -4.497926057231478574e-06 -1.631155487106827521e-06 -8.578067481811066410e-06 -5.134174895893962127e-05
2.090729314411353485e-06 1.228162123294251496e-06 6.706274297423287775e-08 3.447599180082420062e-08 -6.448713352042645914e-07 -1.413893111411095142e-05 1.111941595980458315e-04 -2.900599728274063955e-06 4.810006230915394064e-06 -2.831104175537028196e-08 -9.497876175774317055e-09 1.157333066859245977e-03 -1.103660304835968954e-05 -4.964251814644962527e-05 1.921843301919703387e-04 9.142804544867979221e-05 3.627809406536754280e-05 -3.215236710261278020e-05 2.660155468451934563e-04 3.307377765885444274e-03 6.188027954756413060e-04 -2.154203105515488262e-04 -1.247329044360961231e-04 6.962408414816905107e-07 -1.420978591560181991e-07 9.993332608301097146e-07 -1.163578223358330572e-06 -2.910335313938263046e-06 -3.836220703806352534e-06
3.837070200357466854e-08 -5.916417733452436631e-08 6.446931887262297626e-10 2.917232475506224846e-09 -8.371596569206162773e-09 -2.443039846385788635e-07 2.353544603098358007e-06 -1.274530180871029910e-08 -2.831104175537028196e-08 3.863377677062329932e-07 2.648459970399288605e-09 -2.234817905000919364e-04 8.492664008272331159e-06 1.045438898694159524e-04 -7.802312677057774044e-05 1.836532358791361408e-04 -1.826922747554479720e-04 -4.306522582408581234e-05 1.960136773752430770e-05 3.823353434195105472e-03 1.518357110655032302e-04 5.572568083296650359e-04 5.440695228931449051e-04 2.035180312540578608e-07 -1.279896255303750396e-07 4.291279855413878065e-07 -4.317208631276424101e-08 7.153208433088037972e-08 -1.227608373829093312e-06
1.330705294422178130e-10 -1.172721854429955205e-07 1.498346697971645277e-09 -1.141570973341688077e-09 9.803976396447051214e-09 6.849644947006961044e-07 -3.243822372772906150e-06 3.256687325521547949e-09 -9.497876175774317055e-09 2.648459970399288605e-09 3.830784971389596862e-07 6.659478192517048452e-04 3.770875230458540766e-06 -3.296214038166127920e-05 2.835461680188801052e-05 -2.237139624281335528e-06 -1.238192050504214850e-05 4.443281172555831374e-04 9.543230083506239886e-04 4.688578707903695401e-04 1.106644418779747856e-04 -3.024459889112010645e-04 -1.286203852210098149e-03 -9.276360717760099776e-08 1.541568040326451782e-07 4.083757263252847017e-07 -5.856128264935219419e-07 -1.033990967207352524e-06 -7.194319735098349420e-07
-2.229172877914892444e-03 -3.857962985615216115e-03 1.769296318420563092e-05 -6.279867999514311065e-05 6.823674103007279577e-05 -2.682297708441729912e-03 1.047277067653376408e-02 -1.545225815560360679e-03 1.157333066859245977e-03 -2.234817905000919093e-04 6.659478192517048452e-04 4.490755672309435198e+01 -3.799733711851636664e-01 -5.123356558894213153e-01 -4.280096054503388370e-01 2.376180835646206080e-01 7.812324028917169150e-01 -5.706737302564795833e+00 -3.364331719220563599e+01 3.336490942165745111e+01 1.594515036942385722e+00 -1.214156064203313790e+01 -5.494658712161319158e+01 -3.433411915216565222e-03 -1.126997911893366832e-03 6.473215709472647343e-03 3.086777114531600533e-03 -4.977798094226794682e-05 3.977694280700089235e-02
5.187410098558627207e-05 6.044421636190422896e-05 -2.791861797260430888e-07 1.470188631566812923e-06 -1.925390719718802031e-06 4.629369563502092576e-05 5.706301776330116289e-04 1.231557687079016192e-05 -1.103660304835969124e-05 8.492664008272331159e-06 3.770875230458540766e-06 -3.799733711851636664e-01 8.123336859694484102e-02 -4.513291142267258915e-02 5.233795362040081361e-02 -8.796598272152317266e-03 1.550521740796884356e-03 1.140633902144661399e-01 1.469470985693968057e-01 -4.662818425242291065e-01 9.548104067225348102e-01 1.696333282417510357e+00 6.231756637708381064e-01 4.102542744585999232e-05 -2.036192470052358076e-05 -1.517697999906839437e-04 -3.348421252198157620e-04 -4.013283643752603826e-04 -6.769052953618627869e-04
3.101557807549278870e-04 7.553672642427449336e-04 5.658983245137321451e-06 1.391297280335566506e-05 -3.939500469973860252e-05 9.923223086554671963e-04 -5.806373941256488640e-03 2.596173892957174254e-04 -4.964251814644962527e-05 1.045438898694159389e-04 -3.296214038166127920e-05 -5.123356558894212043e-01 -4.513291142267258915e-02 3.743150470309072109e+00 -2.592957855055749938e+00 -2.060726660140687616e-01 4.906899443013548745e-02 2.474988302512725724e+00 2.931167760154600899e+00 -2.900467822520241512e+01 -2.921884603699006711e+00 7.264910894716891221e+00 4.717813145492691262e+00 -9.030621481155599048e-04 -6.447778928195280765e-04 -1.622528438333052615e-03 4.258010855898200194e-04 3.951390077365321551e-03 -2.873766835547282767e-04
-9.769776383504935255e-04 -2.058127919842323277e-03 5.905532409032606929e-07 -2.665801177269512808e-05 9.264445338898728583e-05 5.382024566583292011e-04 -6.653458656967484001e-03 -4.480345917767580627e-04 1.921843301919703387e-04 -7.802312677057774044e-05 2.835461680188800713e-05 -4.280096054503387815e-01 5.233795362040081361e-02 -2.592957855055749938e+00 5.597830769916673610e+00 1.408622731582096776e-01 -1.243081450449115694e-01 -1.875656029873477459e+00 -1.805599435913963324e+00 1.284364823120989207e+01 -4.866021091018449596e+00 -1.111074658653684644e+01 -8.607981167092246366e+00 1.459355352303248494e-03 2.718939769640095765e-04 2.916603409275882099e-03 -4.049468454011156439e-04 -4.268839347703550814e-03 -6.277493688689494197e-04
-5.288978014998533183e-04 2.752190990667519217e-04 7.837859472826522155e-07 -4.188571953557995893e-06 -4.644626434829245608e-06 -1.319247716479642930e-03 3.163570774277100865e-03 -2.128448408112798508e-04 9.142804544867979221e-05 1.836532358791361408e-04 -2.237139624281337222e-06 2.376180835646206357e-01 -8.796598272152315531e-03 -2.060726660140687616e-01 1.408622731582096776e-01 3.362371081125305139e+00 5.786591533782312613e-01 1.076867214118144706e-01 -1.526192903040962320e-02 -6.604533504285097223e+00 -6.198467988317469812e-01 -9.221999650793835102e-01 -7.504373183476683584e-01 -5.135006363204461634e-04 -5.415115997594855107e-04 -2.226866068885716664e-03 -1.663422896450678567e-03 -4.059141214536977210e-03 -7.670517705926582774e-03
-7.825422438743267692e-04 -5.038820728605345389e-04 1.534857375213010973e-06 -1.129923126424835014e-05 5.788317674887480120e-05 -5.231298147482047736e-04 -3.622633294870256787e-03 -2.312568141111669042e-04 3.627809406536752925e-05 -1.826922747554479720e-04 -1.238192050504214850e-05 7.812324028917170260e-01 1.550521740796884356e-03 4.906899443013548051e-02 -1.243081450449115694e-01 5.786591533782312613e-01 3.130760838219983633e+00 2.594967814759508329e+00 2.533160916721413969e+00 6.881842705129944449e+00 -1.301685486001578962e+00 -9.745398226120974838e-01 -1.627077205797317738e+00 -2.282613292863169927e-04 1.734190483218881992e-04 -2.149841540406846867e-03 1.077833366634073841e-03 9.316539700686620688e-04 5.931264249397141287e-03
-1.176870572155474040e-03 -7.682355459811299149e-04 4.056813991700701540e-06 -1.365468841758240346e-05 1.047487189472660267e-04 4.369106531513822743e-03 -3.060499046542352122e-02 -4.532183766596574264e-04 -3.215236710261282086e-05 -4.306522582408581234e-05 4.443281172555831374e-04 -5.706737302564795833e+00 1.140633902144661399e-01 2.474988302512725724e+00 -1.875656029873477459e+00 1.076867214118144706e-01 2.594967814759508329e+00 1.070466955835124523e+01 1.917170229400801063e+01 -1.093686543838501635e+01 3.676417290501640789e+00 4.642616751954329324e+00 5.132835358428618378e+00 -7.498670576592617867e-04 1.341639402698782029e-03 -2.671136267929618332e-03 3.010585471230595861e-03 4.544057335561975559e-03 2.111338607540472721e-03
2.079265530288671815e-04 6.230085050193188805e-04 5.051667332672467008e-06 5.686164063687200005e-06 4.468104582760097914e-05 6.392763806299803057e-03 -3.694603108069754310e-02 -1.822058972973406043e-04 2.660155468451934563e-04 1.960136773752430770e-05 9.543230083506239886e-04 -3.364331719220563599e+01 1.469470985693967779e-01 2.931167760154600899e+00 -1.805599435913963324e+00 -1.526192903040963014e-02 2.533160916721413969e+00 1.917170229400801063e+01 5.375769197059988613e+01 -2.309579886066875076e+01 4.046404245372874797e+00 7.151562282288453254e+00 3.302735152631147741e+01 1.573068356642356872e-03 2.743051772296490037e-03 -6.419404078359017274e-03 2.285669106422516354e-03 2.973805782516570143e-03 -2.127818134884353757e-02
-1.011023309943229892e-02 -2.083744143983475364e-02 -6.732171410463711858e-05 -2.400957893382463064e-04 5.386091744367993211e-04 6.524844684774501989e-03 -2.003010584790020088e-02 -6.830323895919261645e-03 3.307377765885444274e-03 3.823353434195105472e-03 4.688578707903695401e-04 3.336490942165745111e+01 -4.662818425242291065e-01 -2.900467822520241867e+01 1.284364823120989030e+01 -6.604533504285097223e+00 6.881842705129944449e+00 -1.093686543838501635e+01 -2.309579886066875076e+01 7.677794886782824051e+02 6.509039698645008798e+01 -4.913924815105456645e+01 -5.459203993124767607e+01 1.086362396639340111e-04 3.897341063385648314e-04 -1.960298776054934366e-03 -7.520017813501255225e-04 -2.319678596555919264e-02 2.324991491429299548e-02
-5.816744856564318167e-03 -6.782728331878865556e-03 -5.130019144687210874e-05 -1.919029591211940942e-04 5.716049788542738657e-04 6.262889021571171715e-03 -5.484019135093249481e-02 -4.271203093702712582e-03 6.188027954756413060e-04 1.518357110655032302e-04 1.106644418779747856e-04 1.594515036942385500e+00 9.548104067225348102e-01 -2.921884603699006711e+00 -4.866021091018449596e+00 -6.198467988317469812e-01 -1.301685486001578962e+00 3.676417290501640789e+00 4.046404245372874797e+00 6.509039698645008798e+01 6.110518844814976802e+01 4.162681325772166474e+01 1.604358931030929369e+01 -2.226699267926990442e-03 2.235411237715991505e-03 -4.824949833153930646e-03 3.397855655848004567e-04 4.394183081898865584e-03 4.254781395387566278e-02
-1.451139049751603389e-03 2.941801118213324727e-04 -4.123953233197237615e-05 -7.762602115999234264e-05 2.513689579111034892e-04 4.524618123776994946e-03 -3.230266263570361757e-02 -1.692538349982999988e-03 -2.154203105515489075e-04 5.572568083296650359e-04 -3.024459889112010645e-04 -1.214156064203313790e+01 1.696333282417510357e+00 7.264910894716891221e+00 -1.111074658653684821e+01 -9.221999650793833991e-01 -9.745398226120974838e-01 4.642616751954329324e+00 7.151562282288453254e+00 -4.913924815105456645e+01 4.162681325772166474e+01 8.435638424019290937e+01 5.138487211016739309e+01 -2.352500910275212836e-03 -3.618865844520442916e-03 -1.027304997694141082e-02 -7.975091134849629851e-03 7.809219786663995286e-03 7.080267958344472687e-03
2.530759956821024802e-04 4.086077061202396908e-03 -4.739399034841483934e-05 -7.994138180697614056e-06 2.072512476809518708e-05 4.833439294284480061e-04 -9.865502384283079268e-03 -1.230123642514755443e-03 -1.247329044360961231e-04 5.440695228931449051e-04 -1.286203852210098149e-03 -5.494658712161319158e+01 6.231756637708381064e-01 4.717813145492691262e+00 -8.607981167092244590e+00 -7.504373183476685805e-01 -1.627077205797317738e+00 5.132835358428618378e+00 3.302735152631147741e+01 -5.459203993124767607e+01 1.604358931030929369e+01 5.138487211016739309e+01 1.026823863304206412e+02 3.463357843046042071e-03 -7.908359740586612440e-04 -1.233677210249145909e-02 -5.457633562771109156e-03 1.162298689762939624e-02 -3.148330082839728011e-02
6.487396445895817596e-08 -1.635381635233662534e-08 5.292560778011034718e-08 -3.782770238547169494e-08 3.850547212202545030e-07 -1.911997421577632270e-05 1.241508036749113517e-04 -9.458227186637637582e-07 6.962408414816905107e-07 2.035180312540579931e-07 -9.276360717760102423e-08 -3.433411915216565656e-03 4.102542744585999232e-05 -9.030621481155595796e-04 1.459355352303248494e-03 -5.135006363204460550e-04 -2.282613292863168030e-04 -7.498670576592620035e-04 1.573068356642357522e-03 1.086362396639381852e-04 -2.226699267926989141e-03 -2.352500910275212836e-03 3.463357843046042071e-03 1.433725469669275103e-03 2.653665965439609914e-04 9.997249717525495607e-05 -3.809842350450008339e-04 -1.356813270126350061e-04 -7.892594805891783708e-05
3.155105997134585619e-06 1.100264316860081509e-06 2.375037280655714324e-09 -5.571547828492509478e-08 -1.128216506542116973e-07 6.534484429297448349e-06 -1.029621751395999844e-05 2.149883532536630450e-06 -1.420978591560180667e-07 -1.279896255303750925e-07 1.541568040326452046e-07 -1.126997911893366398e-03 -2.036192470052358754e-05 -6.447778928195278597e-04 2.718939769640094681e-04 -5.415115997594854022e-04 1.734190483218880636e-04 1.341639402698781812e-03 2.743051772296490037e-03 3.897341063385631509e-04 2.235411237715991505e-03 -3.618865844520442916e-03 -7.908359740586608103e-04 2.653665965439609914e-04 8.753051461744627750e-04 2.514906443975996789e-05 7.484362626026067620e-04 1.756666018138290989e-05 -7.995846182060117662e-04
-6.286664688549042633e-06 3.225520141969736233e-06 8.338940803167768639e-08 -1.904708390814535837e-07 4.773213628258625823e-07 2.285003825134436773e-06 -4.137910826443742503e-05 -4.497926057231479421e-06 9.993332608301095029e-07 4.291279855413878065e-07 4.083757263252849134e-07 6.473215709472646476e-03 -1.517697999906839437e-04 -1.622528438333053265e-03 2.916603409275881666e-03 -2.226866068885716664e-03 -2.149841540406846867e-03 -2.671136267929618332e-03 -6.419404078359018141e-03 -1.960298776054939570e-03 -4.824949833153930646e-03 -1.027304997694140909e-02 -1.233677210249145909e-02 9.997249717525495607e-05 2.514906443975997466e-05 7.280997839183287954e-03 -2.468780386083737309e-04 6.830017957527365199e-04 4.759556390940561030e-03
-5.784435110578106482e-06 -1.504954840687702312e-06 -1.289721306081986341e-07 -1.360196505140409996e-07 3.653694659366498936e-07 2.795293250718016638e-05 -1.451782839341120735e-04 -1.631155487106827309e-06 -1.163578223358330572e-06 -4.317208631276416160e-08 -5.856128264935219419e-07 3.086777114531599666e-03 -3.348421252198157620e-04 4.258010855898195857e-04 -4.049468454011162402e-04 -1.663422896450678784e-03 1.077833366634074058e-03 3.010585471230596728e-03 2.285669106422516354e-03 -7.520017813501288836e-04 3.397855655848007277e-04 -7.975091134849631586e-03 -5.457633562771110024e-03 -3.809842350450008339e-04 7.484362626026067620e-04 -2.468780386083737309e-04 2.952865562615405049e-03 5.571128728318990031e-04 -1.049378666276668719e-03
-2.121332695275222389e-05 -2.191656893757616263e-06 4.919866001052865279e-08 -5.557630771695614241e-07 2.339509891863154305e-06 -1.221269708479465835e-05 -1.491844114943850753e-04 -8.578067481811066410e-06 -2.910335313938263046e-06 7.153208433088041942e-08 -1.033990967207352312e-06 -4.977798094226742505e-05 -4.013283643752603826e-04 3.951390077365321551e-03 -4.268839347703549947e-03 -4.059141214536977210e-03 9.316539700686619603e-04 4.544057335561975559e-03 2.973805782516570143e-03 -2.319678596555919611e-02 4.394183081898861247e-03 7.809219786663995286e-03 1.162298689762939798e-02 -1.356813270126349790e-04 1.756666018138291327e-05 6.830017957527365199e-04 5.571128728318990031e-04 6.430901527205776583e-03 7.702490388020113640e-03
-1.057699449087466892e-04 -9.361216085142018683e-06 -4.070656677070159758e-07 -2.322917175724207632e-06 8.592607509392511398e-06 -4.264983216327152341e-05 -3.209564672755494796e-04 -5.134174895893961450e-05 -3.836220703806352534e-06 -1.227608373829092889e-06 -7.194319735098336715e-07 3.977694280700089929e-02 -6.769052953618627869e-04 -2.873766835547274636e-04 -6.277493688689477934e-04 -7.670517705926582774e-03 5.931264249397143022e-03 2.111338607540473589e-03 -2.127818134884353063e-02 2.324991491429298160e-02 4.254781395387566278e-02 7.080267958344476156e-03 -3.148330082839728011e-02 -7.892594805891782353e-05 -7.995846182060118747e-04 4.759556390940561030e-03 -1.049378666276668719e-03 7.702490388020113640e-03 7.426129162342939849e-02
