# logA ns theta_MC_100 ombh2 omch2 w wa tau A_planck calib_100T calib_217T A_cib_217 xi_sz_cib A_sz ksz_norm gal545_A_100 gal545_A_143 gal545_A_143_217 gal545_A_217 ps_A_100_100 ps_A_143_143 ps_A_143_217 ps_A_217_217 galf_TE_A_100 galf_TE_A_100_143 galf_TE_A_100_217 galf_TE_A_143 galf_TE_A_143_217 galf_TE_A_217
1.792076233387865326e-04 1.352189369911157816e-05 5.891535373899392644e-07 4.733990762150696332e-07 -5.196931028820517917e-06 -1.283331918920134886e-04 9.835391086014289193e-04 9.311790623263298575e-05 2.059640796158007552e-06 3.363460176308536965e-08 5.903131766653282631e-08 -2.304291876516743279e-03 3.558189717370288023e-05 3.117292523821103920e-04 -1.036047311658484186e-03 -5.384990647763573555e-04 -9.419840773835325099e-04 -1.322094592163184160e-03 2.256632685652437719e-05 -9.967125382015497650e-03 -5.315967550691413912e-03 -1.279872959316907637e-03 1.010118213665015538e-03 -1.232312901706617268e-06 4.345934693784468271e-06 1.575551432353599360e-07 -5.064199762804827335e-06 -1.850261189651711494e-05 -8.185725430356759647e-05
1.352189369911157816e-05 1.472162147453897424e-05 2.639082716888865625e-07 1.728022682374013988e-07 -2.322793967677391994e-06 -2.527803327851805453e-05 2.587242081786692884e-04 8.913859994008907232e-06 1.286167933553624018e-06 -4.362705536844056349e-08 -1.271633297925370320e-07 -3.892288683037429826e-03 6.152624935749772411e-05 7.930900859568704034e-04 -2.072656155640273216e-03 2.663506082563016049e-04 -5.553569765297550762e-04 -7.552881733158119072e-04 6.048533585825857477e-04 -2.099266556685557006e-02 -6.659174173656943335e-03 4.239053086112424379e-04 4.301248147328700158e-03 1.113587179045701390e-07 8.877054968299179249e-07 4.154309961757137557e-06 -1.274726770840329915e-06 -7.743171574904296659e-07 -1.290690322284840861e-05
5.891535373899392644e-07 2.639082716888865625e-07 8.711850789649630884e-08 1.180776413892334421e-08 -5.974449490333291195e-08 -1.553849118551767569e-06 1.353662737354173877e-05 2.515913630986401757e-07 6.931597903866223657e-08 7.348170603099238810e-10 2.480027948503563616e-09 1.324278863411768054e-05 3.045755646168226208e-07 7.400219972724909350e-06 -2.284381057299550126e-06 2.652175775479045514e-06 -7.314529628197622448e-07 5.166245233461605693e-06 4.958762920602626698e-06 -7.992420614024522984e-05 -4.446577783790561241e-05 -2.494214167201146628e-05 -3.575061108567355366e-05 1.416122213789165812e-08 -5.171412836705923638e-08 -8.382932440343030471e-08 -9.303053921834307392e-08 2.711162487652725661e-07 -4.068048324966257616e-07
4.733990762150696332e-07 1.728022682374013988e-07 1.180776413892334421e-08 1.844217100979450225e-08 -6.181431125213608900e-08 -8.171608619973965349e-07 8.281687976629606632e-06 2.374228271136869645e-07 3.383714861480190562e-08 3.387289756737772090e-09 -1.491982803093153717e-09 -5.983544247728459501e-05 1.606338570845284165e-06 1.570720185322875987e-05 -2.851300259470050587e-05 -3.525301657728400395e-06 -1.144194166576756128e-05 -1.173663453445493686e-05 5.370314587637281054e-06 -2.331006359919320255e-04 -1.897206319714542190e-04 -7.196654148613711968e-05 -9.589888085524698108e-06 -4.324763985721835163e-08 -1.057374820979618392e-07 -1.338167651161607560e-07 -1.516026815923340760e-07 -4.760165843294746868e-07 -2.016131992138809286e-06
-5.196931028820517917e-06 -2.322793967677391994e-06 -5.974449490333291195e-08 -6.181431125213608900e-08 9.636274527928899945e-07 1.025850943898280201e-05 -1.043516572430005742e-04 -3.066634740406333795e-06 -6.521046778221903126e-07 -1.474804585596389082e-08 9.783752937889883884e-09 7.648173664379135067e-05 -2.589219764025374392e-06 -4.187861195135014969e-05 1.048349287196804303e-04 -8.523193923663414058e-06 6.744973286127524371e-05 9.903776996535642728e-05 2.488400169409990892e-05 3.579992235772016325e-04 5.126638982627035931e-04 2.169431781571848187e-04 -3.659656456965798462e-05 2.606764917357858158e-07 -2.491811565432153810e-07 -1.951731096900776314e-07 4.841095655308985681e-07 2.094157060605150284e-06 8.074390850487570576e-06
-1.283331918920134886e-04 -2.527803327851805453e-05 -1.553849118551767569e-06 -8.171608619973965349e-07 1.025850943898280201e-05 3.935522867478605767e-03 -1.547813506817444229e-02 -5.997357831470533817e-05 -1.457289292792166007e-05 -4.732655681160997013e-07 7.889733671556709324e-07 5.087928227613369150e-04 6.566081432342632215e-05 6.928151663910220000e-04 8.278825011275061903e-04 -1.264667683469788279e-03 -6.619536984456286539e-04 2.869157680668835749e-03 2.398986642033799476e-03 -2.736720672244466902e-04 3.846034219898452223e-03 4.443070421069424472e-03 -3.178898551372172192e-03 -1.274668526441776193e-05 -1.967411171101150529e-06 5.501629975998872555e-05 4.047820537341310107e-06 -9.268396785532000796e-06 -1.522418748825851721e-05
9.835391086014289193e-04 2.587242081786692884e-04 1.353662737354173877e-05 8.281687976629606632e-06 -1.043516572430005742e-04 -1.547813506817444229e-02 7.576989259445625347e-02 4.907517324882521188e-04 1.129437330187321855e-04 3.047186615089628011e-06 -3.438841214076959518e-06 -1.991778783543470596e-03 3.318517406248928264e-04 -3.720802604729901621e-03 -8.602519973831164457e-03 3.389095129437501037e-03 -4.663788781232740266e-03 -2.436532548416507279e-02 -1.760210619872814436e-02 1.002079670945035458e-02 -4.135518123591431366e-02 -3.090476686991825220e-02 6.648114625951460042e-03 6.785457301252549491e-05 5.016307294701873663e-06 -2.084555224701560832e-04 -3.398449822073685466e-05 -1.349993758238606791e-04 -3.704331532503292381e-04
9.311790623263298575e-05 8.913859994008907232e-06 2.515913630986401757e-07 2.374228271136869116e-07 -3.066634740406333795e-06 -5.997357831470533817e-05 4.907517324882521188e-04 5.342121931379194901e-05 -2.894539743662895024e-06 -1.316291939609699552e-08 1.936674670398506267e-08 -1.537597501686382463e-03 5.547403496098302838e-06 2.436693089014912062e-04 -4.993133016262752072e-04 -2.107624974522412636e-04 -3.405294282401248986e-04 -5.961682455072650185e-04 -4.569799959688298596e-04 -6.663612289243443614e-03 -3.895405838717846698e-03 -1.511960747352778531e-03 -7.152735254153312454e-04 -1.283415982699432186e-06 3.440305427045264813e-06 -7.702677392618847254e-07 -1.256881035191337872e-06 -7.611361791672676803e-06 -4.142931894797457761e-05
2.059640796158007552e-06 1.286167933553624018e-06 6.931597903866223657e-08 3.383714861480190562e-08 -6.521046778221903126e-07 -1.457289292792166007e-05 1.129437330187321855e-04 -2.894539743662895024e-06 4.813473073691801241e-06 -2.052638213484020122e-08 -6.054927826114042534e-10 1.058335480734057038e-03 -1.250537380056562275e-05 -2.998916071137237542e-05 2.000598429564278487e-04 9.700677344369625478e-05 4.313461214035312031e-05 3.473273961903386372e-05 4.595756884468447153e-04 3.383475883710359601e-03 5.511582456976485845e-04 -2.928201432017143806e-04 -1.063680097862051532e-04 5.874771195374356240e-07 -6.694925228731468520e-07 1.151953023470702663e-06 -1.541983382884158064e-06 -2.946497081746399901e-06 -2.069437452872689525e-06
3.363460176308536965e-08 -4.362705536844056349e-08 7.348170603099238810e-10 3.387289756737772090e-09 -1.474804585596389082e-08 -4.732655681160997013e-07 3.047186615089627587e-06 -1.316291939609699221e-08 -2.052638213484020122e-08 3.824127554745514089e-07 2.650986182866174314e-09 -2.332534518097708817e-04 7.621080108854509729e-06 1.047574651309701304e-04 -8.849728190181245708e-05 1.869433759699819968e-04 -1.751287478667706084e-04 -3.750737084714071424e-05 4.586421527691232430e-05 3.740247507219481189e-03 1.457572807340570614e-04 5.530107859815600480e-04 5.617152419987033688e-04 2.680915012298443018e-07 -1.074139923583551511e-07 1.713777802590804692e-07 -1.104781881924897183e-07 -2.758655108582112007e-07 -2.412316108696020268e-06
5.903131766653282631e-08 -1.271633297925370320e-07 2.480027948503563616e-09 -1.491982803093153717e-09 9.783752937889883884e-09 7.889733671556709324e-07 -3.438841214076959518e-06 1.936674670398506267e-08 -6.054927826114042534e-10 2.650986182866174314e-09 3.847960299666831796e-07 6.338170007462292027e-04 3.706747868020654069e-06 -4.389068984814344776e-05 3.483377331244637607e-05 -6.798861133430169674e-06 -2.033358213214401635e-05 4.361430218115396637e-04 9.731906752781336201e-04 6.313999866632504952e-04 1.152165201548910046e-04 -3.211629830764271202e-04 -1.264801409625944135e-03 -7.282848716978583699e-08 -6.700912898250034509e-08 3.813950286858844829e-07 -6.248854809727815471e-07 -6.302271318730066514e-07 -8.040555693547137163e-07
-2.304291876516743279e-03 -3.892288683037429826e-03 1.324278863411768054e-05 -5.983544247728459501e-05 7.648173664379135067e-05 5.087928227613371318e-04 -1.991778783543473198e-03 -1.537597501686382463e-03 1.058335480734057038e-03 -2.332534518097708817e-04 6.338170007462292027e-04 4.441637963252890842e+01 -3.878319157956364172e-01 -5.889698991937316608e-01 -4.028221451148644716e-01 2.409448215785236769e-01 8.367316247240557114e-01 -5.744232222725785597e+00 -3.337677472742392837e+01 3.305121129987318795e+01 1.108179878886480285e+00 -1.261014641923389235e+01 -5.465161472501446838e+01 -2.060223956407349066e-03 -1.143758025729769588e-03 5.786283187042369144e-03 2.342333093221153281e-03 2.723599176428526895e-03 5.113071332601182989e-02
3.558189717370287345e-05 6.152624935749773766e-05 3.045755646168228326e-07 1.606338570845283954e-06 -2.589219764025376086e-06 6.566081432342629504e-05 3.318517406248927722e-04 5.547403496098309615e-06 -1.250537380056562614e-05 7.621080108854509729e-06 3.706747868020654916e-06 -3.878319157956364172e-01 8.131749240982084903e-02 -4.852622456413669544e-02 5.031079537477288477e-02 -1.291929751864243602e-02 -1.135283790818237019e-03 1.134530432782632631e-01 1.543082504914518871e-01 -4.438780425370491556e-01 9.718246589247162559e-01 1.696634116374448054e+00 6.319997763621116871e-01 1.986966261956947606e-05 -6.282282335646608470e-05 1.062467882328988047e-04 -3.213531497410044516e-04 -5.356354966044851989e-04 -4.136082469000691708e-04
3.117292523821104462e-04 7.930900859568704034e-04 7.400219972724909350e-06 1.570720185322875987e-05 -4.187861195135014969e-05 6.928151663910220000e-04 -3.720802604729901621e-03 2.436693089014911791e-04 -2.998916071137238898e-05 1.047574651309701304e-04 -4.389068984814344776e-05 -5.889698991937316608e-01 -4.852622456413668850e-02 3.761297106914624155e+00 -2.619253723074427942e+00 -1.779301002016793476e-01 6.152927794457366262e-02 2.507762021981885248e+00 3.007194393708080060e+00 -2.942633670070074459e+01 -2.981580635902339793e+00 7.244375574152915220e+00 4.830861478632280104e+00 -9.300375047304782102e-04 -8.641912638308546718e-04 -1.956977744177643651e-04 2.491216518902877246e-04 4.101183015008441103e-03 -1.128754596746505117e-03
-1.036047311658484403e-03 -2.072656155640273216e-03 -2.284381057299550126e-06 -2.851300259470050587e-05 1.048349287196804303e-04 8.278825011275061903e-04 -8.602519973831164457e-03 -4.993133016262753156e-04 2.000598429564277945e-04 -8.849728190181245708e-05 3.483377331244636929e-05 -4.028221451148644716e-01 5.031079537477288477e-02 -2.619253723074427498e+00 5.664871171694561447e+00 1.327020156285440289e-01 -1.407666259768997064e-01 -1.911686476954736813e+00 -1.864525243731252280e+00 1.293695959326193012e+01 -5.042602088307745589e+00 -1.136757539711191356e+01 -8.749319990512207212e+00 1.546908730978226350e-03 7.731105230335062924e-04 1.996620885726662319e-03 -5.315054571443422792e-04 -6.715707476817811376e-03 4.492080557417470329e-04
-5.384990647763572471e-04 2.663506082563016591e-04 2.652175775479045091e-06 -3.525301657728400395e-06 -8.523193923663417446e-06 -1.264667683469788279e-03 3.389095129437501470e-03 -2.107624974522412365e-04 9.700677344369625478e-05 1.869433759699819968e-04 -6.798861133430169674e-06 2.409448215785237046e-01 -1.291929751864243428e-02 -1.779301002016793476e-01 1.327020156285440566e-01 3.363149076800691084e+00 5.453422510701619874e-01 1.070639224026521674e-01 -1.384818693603367436e-02 -6.657723537077271381e+00 -5.675840545022400319e-01 -9.011797698729511197e-01 -7.113233298293131224e-01 -5.719266317087185912e-04 -7.488334209489961105e-04 -2.383797535591389381e-03 -1.466641769575719205e-03 -4.232744644340594858e-03 -5.266191761491134833e-03
-9.419840773835325099e-04 -5.553569765297550762e-04 -7.314529628197622448e-07 -1.144194166576756297e-05 6.744973286127523015e-05 -6.619536984456286539e-04 -4.663788781232742868e-03 -3.405294282401248986e-04 4.313461214035312031e-05 -1.751287478667706084e-04 -2.033358213214401296e-05 8.367316247240557114e-01 -1.135283790818237236e-03 6.152927794457366262e-02 -1.407666259768997064e-01 5.453422510701619874e-01 3.096056466268369167e+00 2.583045143242936437e+00 2.461383945513361038e+00 7.041500197343818712e+00 -1.214200102523712133e+00 -1.003484061040594844e+00 -1.665164914272190044e+00 -5.892288314453285108e-04 -3.733912970921546867e-04 -2.065343464451676204e-03 4.528251448572604798e-04 7.322289465173531259e-04 1.201127358463649659e-02
-1.322094592163184376e-03 -7.552881733158119072e-04 5.166245233461605693e-06 -1.173663453445493686e-05 9.903776996535642728e-05 2.869157680668835749e-03 -2.436532548416507626e-02 -5.961682455072650185e-04 3.473273961903385694e-05 -3.750737084714070746e-05 4.361430218115396637e-04 -5.744232222725785597e+00 1.134530432782632769e-01 2.507762021981885248e+00 -1.911686476954736813e+00 1.070639224026521674e-01 2.583045143242936437e+00 1.075855805292078671e+01 1.924588339212206378e+01 -1.086369447301745339e+01 3.813419647722988248e+00 4.697925443741358009e+00 5.225811598127823032e+00 -1.182390774874985751e-03 6.210268387487644526e-04 -2.505476186955082028e-03 2.140312639856949660e-03 4.724611020210509570e-03 5.882386532563853992e-03
2.256632685652446867e-05 6.048533585825857477e-04 4.958762920602626698e-06 5.370314587637281054e-06 2.488400169409990892e-05 2.398986642033799476e-03 -1.760210619872814436e-02 -4.569799959688299138e-04 4.595756884468447153e-04 4.586421527691231752e-05 9.731906752781336201e-04 -3.337677472742392837e+01 1.543082504914518871e-01 3.007194393708080060e+00 -1.864525243731252280e+00 -1.384818693603367436e-02 2.461383945513361038e+00 1.924588339212206378e+01 5.373695965963266730e+01 -2.195815282882375641e+01 4.534839008318614084e+00 7.551931883483669061e+00 3.289624188168141217e+01 7.290389230994177546e-04 1.926308637394644934e-03 -6.792436228604797205e-03 1.636008174469029061e-03 3.664084494636413603e-03 -2.384620392293047147e-02
-9.967125382015499385e-03 -2.099266556685557006e-02 -7.992420614024522984e-05 -2.331006359919320255e-04 3.579992235772017951e-04 -2.736720672244466902e-04 1.002079670945036846e-02 -6.663612289243444481e-03 3.383475883710359601e-03 3.740247507219481189e-03 6.313999866632504952e-04 3.305121129987318795e+01 -4.438780425370491556e-01 -2.942633670070074459e+01 1.293695959326193012e+01 -6.657723537077271381e+00 7.041500197343818712e+00 -1.086369447301745339e+01 -2.195815282882375641e+01 7.751009782934510213e+02 6.635535525000335610e+01 -4.926644326005803975e+01 -5.474604343134001994e+01 4.145077890640161064e-03 3.074631761338954532e-03 -2.688937063248101125e-02 6.842579102708104067e-04 -1.693625806893056182e-02 -2.601249031392728270e-02
-5.315967550691413912e-03 -6.659174173656943335e-03 -4.446577783790561919e-05 -1.897206319714542190e-04 5.126638982627035931e-04 3.846034219898452223e-03 -4.135518123591431366e-02 -3.895405838717846698e-03 5.511582456976488013e-04 1.457572807340570614e-04 1.152165201548910046e-04 1.108179878886480285e+00 9.718246589247162559e-01 -2.981580635902339793e+00 -5.042602088307743813e+00 -5.675840545022400319e-01 -1.214200102523712133e+00 3.813419647722988248e+00 4.534839008318614084e+00 6.635535525000335610e+01 6.212579309518405069e+01 4.238885329876467978e+01 1.691753171857525118e+01 -1.572181980481180590e-03 2.033417160612973913e-03 -1.811751629760341865e-03 -1.747337448712620511e-04 2.750293945325274665e-03 2.662115549620285709e-02
-1.279872959316907853e-03 4.239053086112425464e-04 -2.494214167201146628e-05 -7.196654148613711968e-05 2.169431781571848458e-04 4.443070421069424472e-03 -3.090476686991825220e-02 -1.511960747352778314e-03 -2.928201432017144348e-04 5.530107859815600480e-04 -3.211629830764271202e-04 -1.261014641923389235e+01 1.696634116374448054e+00 7.244375574152915220e+00 -1.136757539711191356e+01 -9.011797698729510087e-01 -1.003484061040594844e+00 4.697925443741358897e+00 7.551931883483669061e+00 -4.926644326005803975e+01 4.238885329876467978e+01 8.505437336715047536e+01 5.238484447011995826e+01 -2.752967609737717609e-03 -4.711465110617801128e-03 4.330555582458491849e-04 -6.826233540301595258e-03 6.392153772811899788e-03 -1.959871417641463262e-03
1.010118213665015321e-03 4.301248147328700158e-03 -3.575061108567355366e-05 -9.589888085524698108e-06 -3.659656456965795752e-05 -3.178898551372171324e-03 6.648114625951452236e-03 -7.152735254153314622e-04 -1.063680097862051803e-04 5.617152419987033688e-04 -1.264801409625944135e-03 -5.465161472501448259e+01 6.319997763621116871e-01 4.830861478632279216e+00 -8.749319990512207212e+00 -7.113233298293131224e-01 -1.665164914272190044e+00 5.225811598127823032e+00 3.289624188168140506e+01 -5.474604343134001994e+01 1.691753171857525118e+01 5.238484447011995826e+01 1.029241616962076478e+02 1.240884501450304281e-03 -1.690503878367037192e-03 -9.479980947833864177e-03 -2.956426273305268887e-03 8.471459403328473678e-03 -5.528683525932950177e-02
-1.232312901706616844e-06 1.113587179045708007e-07 1.416122213789165150e-08 -4.324763985721832516e-08 2.606764917357857629e-07 -1.274668526441776532e-05 6.785457301252549491e-05 -1.283415982699431339e-06 5.874771195374356240e-07 2.680915012298441960e-07 -7.282848716978588993e-08 -2.060223956407349066e-03 1.986966261956948622e-05 -9.300375047304782102e-04 1.546908730978226350e-03 -5.719266317087184828e-04 -5.892288314453286192e-04 -1.182390774874985751e-03 7.290389230994180798e-04 4.145077890640161931e-03 -1.572181980481180156e-03 -2.752967609737716741e-03 1.240884501450303197e-03 1.431146477949865560e-03 2.665449005404247436e-04 1.027159393588709024e-04 -3.710632357382671583e-04 -1.669161575673924823e-04 -1.410235597238465306e-04
4.345934693784468271e-06 8.877054968299181367e-07 -5.171412836705923638e-08 -1.057374820979618656e-07 -2.491811565432153810e-07 -1.967411171101152223e-06 5.016307294701888063e-06 3.440305427045265660e-06 -6.694925228731470638e-07 -1.074139923583551246e-07 -6.700912898250037156e-08 -1.143758025729769371e-03 -6.282282335646612536e-05 -8.641912638308546718e-04 7.731105230335062924e-04 -7.488334209489960020e-04 -3.733912970921546325e-04 6.210268387487643442e-04 1.926308637394644500e-03 3.074631761338954966e-03 2.033417160612973913e-03 -4.711465110617801128e-03 -1.690503878367037626e-03 2.665449005404247436e-04 8.710521623625872229e-04 3.990215138759028085e-05 7.542202276122564070e-04 2.204741053793632930e-05 -7.762451264567684023e-04
1.575551432353617094e-07 4.154309961757138404e-06 -8.382932440343030471e-08 -1.338167651161607295e-07 -1.951731096900777372e-07 5.501629975998873233e-05 -2.084555224701561645e-04 -7.702677392618838783e-07 1.151953023470703510e-06 1.713777802590805221e-07 3.813950286858843771e-07 5.786283187042369144e-03 1.062467882328988047e-04 -1.956977744177634435e-04 1.996620885726661451e-03 -2.383797535591389814e-03 -2.065343464451676204e-03 -2.505476186955082028e-03 -6.792436228604798940e-03 -2.688937063248101125e-02 -1.811751629760342732e-03 4.330555582458537386e-04 -9.479980947833864177e-03 1.027159393588709160e-04 3.990215138759026730e-05 7.335203015874123406e-03 -2.382977114915278563e-04 7.222126893043353613e-04 5.041252555745211542e-03
-5.064199762804828182e-06 -1.274726770840329492e-06 -9.303053921834306068e-08 -1.516026815923340760e-07 4.841095655308984622e-07 4.047820537341300790e-06 -3.398449822073687499e-05 -1.256881035191337025e-06 -1.541983382884158276e-06 -1.104781881924897713e-07 -6.248854809727815471e-07 2.342333093221152414e-03 -3.213531497410042890e-04 2.491216518902877246e-04 -5.315054571443428213e-04 -1.466641769575718771e-03 4.528251448572604798e-04 2.140312639856950094e-03 1.636008174469030145e-03 6.842579102708067204e-04 -1.747337448712608043e-04 -6.826233540301596125e-03 -2.956426273305268020e-03 -3.710632357382671041e-04 7.542202276122564070e-04 -2.382977114915278563e-04 2.946941711446304443e-03 5.561995040583963190e-04 -9.433408107559918335e-04
-1.850261189651711494e-05 -7.743171574904307247e-07 2.711162487652726191e-07 -4.760165843294746868e-07 2.094157060605150284e-06 -9.268396785532014348e-06 -1.349993758238607333e-04 -7.611361791672679344e-06 -2.946497081746399901e-06 -2.758655108582112007e-07 -6.302271318730068632e-07 2.723599176428527762e-03 -5.356354966044853073e-04 4.101183015008441103e-03 -6.715707476817811376e-03 -4.232744644340594858e-03 7.322289465173531259e-04 4.724611020210511304e-03 3.664084494636411001e-03 -1.693625806893056529e-02 2.750293945325272930e-03 6.392153772811902390e-03 8.471459403328471943e-03 -1.669161575673924823e-04 2.204741053793632592e-05 7.222126893043354697e-04 5.561995040583963190e-04 6.429765680202255244e-03 7.899838646030074227e-03
-8.185725430356759647e-05 -1.290690322284841200e-05 -4.068048324966260792e-07 -2.016131992138809286e-06 8.074390850487570576e-06 -1.522418748825848841e-05 -3.704331532503292381e-04 -4.142931894797457083e-05 -2.069437452872689525e-06 -2.412316108696020268e-06 -8.040555693547142457e-07 5.113071332601184377e-02 -4.136082469000688456e-04 -1.128754596746504683e-03 4.492080557417483882e-04 -5.266191761491133966e-03 1.201127358463649659e-02 5.882386532563857462e-03 -2.384620392293047494e-02 -2.601249031392726882e-02 2.662115549620286750e-02 -1.959871417641466732e-03 -5.528683525932951565e-02 -1.410235597238465306e-04 -7.762451264567684023e-04 5.041252555745211542e-03 -9.433408107559920503e-04 7.899838646030074227e-03 7.456088613401064269e-02
