# logA ns theta_MC_100 ombh2 omch2 w wa tau A_planck calib_100T calib_217T A_cib_217 xi_sz_cib A_sz ksz_norm gal545_A_100 gal545_A_143 gal545_A_143_217 gal545_A_217 ps_A_100_100 ps_A_143_143 ps_A_143_217 ps_A_217_217 galf_TE_A_100 galf_TE_A_100_143 galf_TE_A_100_217 galf_TE_A_143 galf_TE_A_143_217 galf_TE_A_217
1.796638065139307446e-04 1.339628647267236800e-05 5.925364624507370035e-07 4.705277430884233415e-07 -5.183306425041968688e-06 -1.286298453379280254e-04 9.844734747214030617e-04 9.339470592503299514e-05 2.002321798561323185e-06 3.090413570684942132e-08 3.919039629256049090e-08 -2.081970248873049600e-03 3.779376722470718892e-05 3.525729368175064345e-04 -1.109566142404177841e-03 -5.080075724069336909e-04 -8.436705081924886652e-04 -1.230855622213838062e-03 -9.079088997517001966e-05 -1.014812034298330501e-02 -4.932546178486802921e-03 -8.300036193756867541e-04 9.979131973697787355e-04 -1.314931206376389483e-06 4.099919389859518473e-06 -9.035927828033663740e-07 -6.421430640737006988e-06 -1.907680590950762111e-05 -8.104039720467888042e-05
1.339628647267236800e-05 1.465707749849756762e-05 2.653735076514663436e-07 1.704858885139442812e-07 -2.312103331555572481e-06 -2.489135116382440468e-05 2.560823053033886142e-04 8.837204348433538525e-06 1.282278611304091613e-06 -4.276113081056264335e-08 -1.201848131630382223e-07 -3.892442401687079296e-03 6.073280940290156900e-05 7.885418754970010928e-04 -2.056111568767905826e-03 2.602151350468788460e-04 -5.528207331095081950e-04 -7.424037730719287246e-04 6.159854275563548956e-04 -2.094040507599136819e-02 -6.620836973353952729e-03 4.254881878687954608e-04 4.324055111518804000e-03 1.731551444220939717e-07 1.025153028138074434e-06 4.158556623442124274e-06 -1.439008464741836861e-06 -1.838743621851704353e-06 -1.259719191456123509e-05
5.925364624507370035e-07 2.653735076514663436e-07 8.722881675089816272e-08 1.183136145439307726e-08 -5.994151065367544671e-08 -1.543098615526002218e-06 1.352050345869593077e-05 2.535418058603097277e-07 6.895627667732295539e-08 9.244659214461190597e-10 2.604807668655325668e-09 7.033399248037237362e-06 4.477035512521355918e-07 6.511772149180331345e-06 -1.754021070812251071e-06 1.420364522720718775e-06 -7.081491700017898915e-07 4.569512535912122649e-06 6.407111748396725541e-06 -6.374249715320749103e-05 -4.339265342175230072e-05 -2.046884577247663902e-05 -2.515430679343827290e-05 6.445240265185004949e-08 -3.037138698935513386e-08 -7.996008362246142399e-08 -1.091797361342734470e-07 2.640336158945317492e-07 -4.773709766207222998e-07
4.705277430884233415e-07 1.704858885139442812e-07 1.183136145439307726e-08 1.831748487297477050e-08 -6.090830262810021119e-08 -8.280199040636431388e-07 8.255373711546823944e-06 2.356124023472397884e-07 3.299292962653320161e-08 3.624641985608115950e-09 -1.666560295934555122e-09 -5.830321491980777450e-05 1.673182722915994061e-06 1.619404673357895919e-05 -2.967335666488603952e-05 -3.449186313980414964e-06 -1.098870713519549909e-05 -1.236776672377027067e-05 2.828270071641402199e-06 -2.351173289232333689e-04 -1.859707182702953292e-04 -6.457673030547337592e-05 -7.318523049624750716e-06 -4.101626741327749028e-08 -9.639835094008655722e-08 -1.300635654854670633e-07 -1.516904010323010745e-07 -4.874584812429614955e-07 -1.969654954924360950e-06
-5.183306425041968688e-06 -2.312103331555572481e-06 -5.994151065367544671e-08 -6.090830262810021119e-08 9.628176302998074380e-07 1.012526072012040328e-05 -1.037859174826371558e-04 -3.058746453000707154e-06 -6.532804126103741086e-07 -1.606450441343731688e-08 1.024619432579307336e-08 6.061907837938041604e-05 -2.018232516888389975e-06 -4.211816144873247440e-05 1.058260011977320172e-04 -7.326873635063731890e-06 6.317281563583174002e-05 1.013410554902886650e-04 4.036193171545685032e-05 3.077244834135179252e-04 4.865514677795768983e-04 2.051005225944125122e-04 -3.724619024711545395e-05 2.932468998533524313e-07 -2.490640898168968298e-07 -3.971441245003164206e-08 4.905968928655315787e-07 2.449413920330932272e-06 8.393430341417485412e-06
-1.286298453379280254e-04 -2.489135116382440468e-05 -1.543098615526002218e-06 -8.280199040636431388e-07 1.012526072012040328e-05 3.949528768292616919e-03 -1.554393874738391017e-02 -5.969230958378030023e-05 -1.478220749125726240e-05 -3.606341410306372947e-07 7.818687071124116159e-07 1.902594871074530288e-03 4.148105135595691326e-05 8.225249810127503508e-04 2.449040878640334844e-04 -1.114624390039646454e-03 -6.426731826635387725e-04 2.721852245468766706e-03 1.164701100490140055e-03 7.670518832348840327e-03 4.728088353293540338e-03 4.959289030273354541e-03 -3.693779546832431232e-03 -1.849606833821975079e-05 -3.621173560399519146e-06 5.344742652415534177e-05 -2.127018777220973487e-06 -2.111753982928287957e-05 3.871379222147670662e-05
9.844734747214030617e-04 2.560823053033886142e-04 1.352050345869593077e-05 8.255373711546823944e-06 -1.037859174826371558e-04 -1.554393874738391017e-02 7.611389311594768392e-02 4.894150971085098074e-04 1.137934318986979576e-04 2.681866171903275829e-06 -3.363872217013885842e-06 -7.018243066972434940e-03 3.438433422511393564e-04 -4.348175307962554026e-03 -6.124109117120279597e-03 3.128613244356700813e-03 -4.578607658022210668e-03 -2.453954894158296568e-02 -1.420294613696224638e-02 -1.979504103973357687e-02 -4.433151360142997821e-02 -3.272857045142318899e-02 1.031509074441561147e-02 9.458632808075225461e-05 6.894991703941887216e-06 -2.163740691991606149e-04 -1.485267581242601441e-05 -1.154528929260620617e-04 -6.015383851040374038e-04
9.339470592503299514e-05 8.837204348433538525e-06 2.535418058603097806e-07 2.356124023472397884e-07 -3.058746453000707154e-06 -5.969230958378030023e-05 4.894150971085098074e-04 5.357497572557113935e-05 -2.917814215153432226e-06 -1.464129883381637545e-08 1.192961371746026823e-08 -1.444820148284882292e-03 7.659989437724566428e-06 2.597551263906975184e-04 -5.171799897220730581e-04 -1.929978608206165118e-04 -3.036992209730281721e-04 -5.598104792199268655e-04 -5.177617950478729603e-04 -6.787941510203871799e-03 -3.729439085593883301e-03 -1.326171917469052457e-03 -7.240008969030808103e-04 -1.233064585502994912e-06 3.573488009577150657e-06 -1.251349397049515139e-06 -1.771193335980688547e-06 -8.550199537648656362e-06 -4.303736057640555424e-05
2.002321798561323185e-06 1.282278611304091613e-06 6.895627667732295539e-08 3.299292962653320161e-08 -6.532804126103741086e-07 -1.478220749125726240e-05 1.137934318986979576e-04 -2.917814215153432226e-06 4.814750560598130897e-06 -1.786200476684454925e-08 -3.227914777661997228e-09 1.087844647059749668e-03 -1.418014941668104380e-05 -2.380110572745703355e-05 1.872426383794291601e-04 9.348088940457789230e-05 5.540695277922413323e-05 4.786580808138143504e-05 4.616004339666415920e-04 3.446956589517950666e-03 6.005142248557747506e-04 -2.539945279418717055e-04 -1.023380360093217130e-04 4.653900076601006498e-07 -8.660312560707450751e-07 1.039720510688251796e-06 -1.596525704641729469e-06 -2.996320781602052285e-06 -8.172169243196084740e-07
3.090413570684942132e-08 -4.276113081056264335e-08 9.244659214461190597e-10 3.624641985608115950e-09 -1.606450441343731688e-08 -3.606341410306372947e-07 2.681866171903275829e-06 -1.464129883381637214e-08 -1.786200476684454925e-08 3.818744422762525272e-07 1.882161454439374215e-09 -2.405570794455679027e-04 7.696136558877957003e-06 9.903898049256093137e-05 -8.039001377590924069e-05 1.867040307591560661e-04 -1.733503398788848414e-04 -4.244974075592265186e-05 4.234421368506576937e-05 3.770008024639794151e-03 1.434057051960881699e-04 5.317014998316435060e-04 5.582537474794457269e-04 2.378596098265279189e-07 -1.583570606922135877e-07 3.926398839060897517e-08 -9.874449232149691244e-08 -3.528997684414861145e-07 -2.450424934602512640e-06
3.919039629256049090e-08 -1.201848131630382223e-07 2.604807668655325668e-09 -1.666560295934555122e-09 1.024619432579307336e-08 7.818687071124118277e-07 -3.363872217013885842e-06 1.192961371746028146e-08 -3.227914777661997228e-09 1.882161454439374215e-09 3.834661336924328446e-07 6.200405113585588830e-04 4.041285851092729127e-06 -4.543397862024873104e-05 3.249864830709408420e-05 -1.338891935108972391e-05 -2.031999983532553825e-05 4.360804143829168544e-04 9.778736925602263784e-04 6.602069891337989434e-04 1.266257425928209493e-04 -3.144390235030620345e-04 -1.241910363494668976e-03 -1.644386100006613829e-08 -1.040979633222902742e-07 1.083742532772748384e-07 -7.126338001959688707e-07 -8.067274348248632702e-07 -1.202776278546292707e-06
-2.081970248873049600e-03 -3.892442401687079296e-03 7.033399248037235668e-06 -5.830321491980777450e-05 6.061907837938044992e-05 1.902594871074529204e-03 -7.018243066972426267e-03 -1.444820148284881858e-03 1.087844647059749668e-03 -2.405570794455679027e-04 6.200405113585587746e-04 4.436184963492554090e+01 -3.895167744665493093e-01 -5.781653254112043561e-01 -4.316964510077390127e-01 2.415061499887227181e-01 8.188014037058328753e-01 -5.773346864894037367e+00 -3.338328106698861575e+01 3.243787666942885295e+01 1.029167590812226196e+00 -1.265038083509616662e+01 -5.451745684051813612e+01 -2.299444351303634067e-03 -1.222901576670495840e-03 6.052688592676497802e-03 2.988034882442876673e-03 1.947572197366692279e-03 5.226067515289392618e-02
3.779376722470718892e-05 6.073280940290156900e-05 4.477035512521358035e-07 1.673182722915994272e-06 -2.018232516888389551e-06 4.148105135595695392e-05 3.438433422511390854e-04 7.659989437724574899e-06 -1.418014941668104380e-05 7.696136558877957003e-06 4.041285851092729127e-06 -3.895167744665493093e-01 8.117604317993928897e-02 -4.813600637992307418e-02 5.041033505941176079e-02 -1.372616517728195325e-02 -9.112688390182193928e-04 1.125232408785740573e-01 1.546338928262451506e-01 -4.443987508965003275e-01 9.661960876966025902e-01 1.693875586265733979e+00 6.337930766308802477e-01 -4.068399018868822190e-05 -1.023447584028971047e-04 9.021802719677446424e-05 -2.951280781915462527e-04 -4.927164179130455630e-04 -4.709494494055999937e-04
3.525729368175063803e-04 7.885418754970010928e-04 6.511772149180333039e-06 1.619404673357895919e-05 -4.211816144873248118e-05 8.225249810127504592e-04 -4.348175307962553159e-03 2.597551263906974642e-04 -2.380110572745700983e-05 9.903898049256093137e-05 -4.543397862024872426e-05 -5.781653254112043561e-01 -4.813600637992307418e-02 3.772678704035767883e+00 -2.617512068696779437e+00 -1.741304043585151506e-01 7.974813205718465914e-02 2.524304084274128890e+00 3.008935988073562662e+00 -2.969296215303760889e+01 -3.028532397204893645e+00 7.240645425792283874e+00 4.810129407769701437e+00 -1.004432225056586196e-03 -7.233756143624484524e-04 -1.520818477099097920e-04 1.878026035781124733e-04 4.341803557926559969e-03 1.206838244696902072e-03
-1.109566142404177841e-03 -2.056111568767905826e-03 -1.754021070812251071e-06 -2.967335666488603952e-05 1.058260011977320308e-04 2.449040878640330507e-04 -6.124109117120282199e-03 -5.171799897220729497e-04 1.872426383794291329e-04 -8.039001377590924069e-05 3.249864830709408420e-05 -4.316964510077389017e-01 5.041033505941176773e-02 -2.617512068696779881e+00 5.654723472299290066e+00 1.254381833594845896e-01 -1.540683887053344581e-01 -1.917897545602175846e+00 -1.850939288445253794e+00 1.320669590739813692e+01 -4.951389109099726404e+00 -1.128821862038326707e+01 -8.663905657459300969e+00 1.623370520252013409e-03 5.654400481407237822e-04 1.996051094581390017e-03 -5.853173401008307649e-04 -6.634269877236148236e-03 -1.381623426514370055e-03
-5.080075724069337993e-04 2.602151350468788460e-04 1.420364522720716869e-06 -3.449186313980414541e-06 -7.326873635063731890e-06 -1.114624390039646454e-03 3.128613244356704716e-03 -1.929978608206164576e-04 9.348088940457789230e-05 1.867040307591560661e-04 -1.338891935108972899e-05 2.415061499887227459e-01 -1.372616517728195672e-02 -1.741304043585151229e-01 1.254381833594845896e-01 3.372427802956898368e+00 5.469956084084636183e-01 9.317531889305369353e-02 -4.804939873376187082e-02 -6.846771766049701391e+00 -5.687742673380056235e-01 -8.865190940946667819e-01 -7.021291010043506642e-01 -5.246711768529845055e-04 -7.086862165109829000e-04 -2.353687748621510843e-03 -1.185197304383342346e-03 -4.498715820655842246e-03 -5.412537666617539198e-03
-8.436705081924885568e-04 -5.528207331095083034e-04 -7.081491700017895739e-07 -1.098870713519549909e-05 6.317281563583174002e-05 -6.426731826635388809e-04 -4.578607658022210668e-03 -3.036992209730281179e-04 5.540695277922414678e-05 -1.733503398788848414e-04 -2.031999983532553825e-05 8.188014037058327643e-01 -9.112688390182208022e-04 7.974813205718465914e-02 -1.540683887053344581e-01 5.469956084084636183e-01 3.088998884596825700e+00 2.593100685786705384e+00 2.495260580152719676e+00 6.786997203104900400e+00 -1.247405411211422122e+00 -9.713444874588778033e-01 -1.641067682255741955e+00 -5.377298517794305453e-04 -2.479767612073785011e-04 -1.690722577932787752e-03 6.890042013099729286e-04 8.852353174467015792e-04 1.180874367997312990e-02
-1.230855622213838062e-03 -7.424037730719287246e-04 4.569512535912120955e-06 -1.236776672377026728e-05 1.013410554902886921e-04 2.721852245468767140e-03 -2.453954894158296568e-02 -5.598104792199268655e-04 4.786580808138143504e-05 -4.244974075592265186e-05 4.360804143829168544e-04 -5.773346864894037367e+00 1.125232408785740712e-01 2.524304084274128890e+00 -1.917897545602175846e+00 9.317531889305369353e-02 2.593100685786705384e+00 1.077166060261828484e+01 1.928915349465048124e+01 -1.100811263418467867e+01 3.761368453384369204e+00 4.704501493761914510e+00 5.256860693795346151e+00 -1.098475996308805004e-03 8.544734782709646238e-04 -2.917265019946178439e-03 2.312703791139418021e-03 4.669859478916147354e-03 5.437700698246105205e-03
-9.079088997517001966e-05 6.159854275563548956e-04 6.407111748396725541e-06 2.828270071641402623e-06 4.036193171545685032e-05 1.164701100490140055e-03 -1.420294613696224638e-02 -5.177617950478728519e-04 4.616004339666415920e-04 4.234421368506576937e-05 9.778736925602263784e-04 -3.338328106698861575e+01 1.546338928262451784e-01 3.008935988073562662e+00 -1.850939288445253794e+00 -4.804939873376189163e-02 2.495260580152719676e+00 1.928915349465048124e+01 5.380763038717213220e+01 -2.161177960422701005e+01 4.557885571990387241e+00 7.574617257797532588e+00 3.285873014088773658e+01 1.148327807210173255e-03 2.347147231260070938e-03 -8.386080196195012243e-03 1.716146415405575814e-03 3.489439195898696999e-03 -2.644216896382819634e-02
-1.014812034298330501e-02 -2.094040507599136819e-02 -6.374249715320749103e-05 -2.351173289232333689e-04 3.077244834135179252e-04 7.670518832348840327e-03 -1.979504103973360463e-02 -6.787941510203871799e-03 3.446956589517950666e-03 3.770008024639794151e-03 6.602069891337989434e-04 3.243787666942885295e+01 -4.443987508965003275e-01 -2.969296215303760889e+01 1.320669590739813870e+01 -6.846771766049701391e+00 6.786997203104900400e+00 -1.100811263418467867e+01 -2.161177960422701005e+01 7.785157812509593214e+02 6.646505941057613143e+01 -5.018092492048138809e+01 -5.434009149077331813e+01 4.059462984490318053e-03 3.164857007687636638e-03 -2.630076385790034582e-02 4.341571967717937700e-03 -1.903788520005789131e-02 -4.216469359378202664e-02
-4.932546178486802921e-03 -6.620836973353952729e-03 -4.339265342175230750e-05 -1.859707182702953292e-04 4.865514677795768983e-04 4.728088353293540338e-03 -4.433151360142997821e-02 -3.729439085593883301e-03 6.005142248557748591e-04 1.434057051960881428e-04 1.266257425928209493e-04 1.029167590812225974e+00 9.661960876966025902e-01 -3.028532397204893645e+00 -4.951389109099726404e+00 -5.687742673380054015e-01 -1.247405411211422122e+00 3.761368453384369204e+00 4.557885571990387241e+00 6.646505941057613143e+01 6.185369437709724139e+01 4.202132253177450139e+01 1.683058056056970386e+01 -1.589514594306260442e-03 2.079005482246076494e-03 -2.242881017575844380e-03 6.444777697803350316e-04 2.786593540323803464e-03 2.140136136201670897e-02
-8.300036193756866456e-04 4.254881878687953524e-04 -2.046884577247663902e-05 -6.457673030547338947e-05 2.051005225944124580e-04 4.959289030273354541e-03 -3.272857045142318899e-02 -1.326171917469052240e-03 -2.539945279418718139e-04 5.317014998316435060e-04 -3.144390235030620887e-04 -1.265038083509616662e+01 1.693875586265733979e+00 7.240645425792283874e+00 -1.128821862038326707e+01 -8.865190940946667819e-01 -9.713444874588778033e-01 4.704501493761915398e+00 7.574617257797529923e+00 -5.018092492048138809e+01 4.202132253177450139e+01 8.472157241649335901e+01 5.220216120647591396e+01 -3.676745934725946744e-03 -4.796846193872959796e-03 1.515381441250620892e-04 -6.299605601838590904e-03 7.880490929333648642e-03 4.865747710244164932e-04
9.979131973697789523e-04 4.324055111518804000e-03 -2.515430679343827290e-05 -7.318523049624750716e-06 -3.724619024711546073e-05 -3.693779546832431232e-03 1.031509074441561494e-02 -7.240008969030808103e-04 -1.023380360093216994e-04 5.582537474794457269e-04 -1.241910363494668976e-03 -5.451745684051814322e+01 6.337930766308802477e-01 4.810129407769701437e+00 -8.663905657459300969e+00 -7.021291010043506642e-01 -1.641067682255741955e+00 5.256860693795346151e+00 3.285873014088773658e+01 -5.434009149077331813e+01 1.683058056056970386e+01 5.220216120647591396e+01 1.025060369594235965e+02 1.345766161442205934e-03 -1.532317358219070346e-03 -9.406693199748950712e-03 -4.046102883510612098e-03 9.891190253791863618e-03 -5.405312079329922109e-02
-1.314931206376390330e-06 1.731551444220936276e-07 6.445240265185000979e-08 -4.101626741327750351e-08 2.932468998533524843e-07 -1.849606833821976435e-05 9.458632808075224105e-05 -1.233064585502993007e-06 4.653900076601005439e-07 2.378596098265278925e-07 -1.644386100006608204e-08 -2.299444351303634067e-03 -4.068399018868820157e-05 -1.004432225056586196e-03 1.623370520252012976e-03 -5.246711768529846139e-04 -5.377298517794304369e-04 -1.098475996308805221e-03 1.148327807210173038e-03 4.059462984490318921e-03 -1.589514594306259574e-03 -3.676745934725946310e-03 1.345766161442205283e-03 1.431131669358052041e-03 2.631709568919481817e-04 9.851271506969514207e-05 -3.750556316081012759e-04 -1.640161254932212390e-04 -1.317375408273753858e-04
4.099919389859518473e-06 1.025153028138074222e-06 -3.037138698935514047e-08 -9.639835094008655722e-08 -2.490640898168968298e-07 -3.621173560399520840e-06 6.894991703941844018e-06 3.573488009577150657e-06 -8.660312560707451809e-07 -1.583570606922135083e-07 -1.040979633222902080e-07 -1.222901576670496274e-03 -1.023447584028970775e-04 -7.233756143624484524e-04 5.654400481407241075e-04 -7.086862165109830084e-04 -2.479767612073784469e-04 8.544734782709648407e-04 2.347147231260070938e-03 3.164857007687639241e-03 2.079005482246076494e-03 -4.796846193872959796e-03 -1.532317358219070563e-03 2.631709568919481817e-04 8.682209453533331093e-04 3.909390776060330555e-05 7.552499597186392412e-04 2.294867283543579846e-05 -7.767654407050253234e-04
-9.035927828033681739e-07 4.158556623442122580e-06 -7.996008362246137105e-08 -1.300635654854670633e-07 -3.971441245003141707e-08 5.344742652415534177e-05 -2.163740691991606691e-04 -1.251349397049515562e-06 1.039720510688251373e-06 3.926398839060910090e-08 1.083742532772745076e-07 6.052688592676500404e-03 9.021802719677446424e-05 -1.520818477099104696e-04 1.996051094581390451e-03 -2.353687748621511710e-03 -1.690722577932787319e-03 -2.917265019946179306e-03 -8.386080196195008774e-03 -2.630076385790034235e-02 -2.242881017575844380e-03 1.515381441250611676e-04 -9.406693199748950712e-03 9.851271506969514207e-05 3.909390776060330555e-05 7.350445975495642319e-03 -2.423143256692800477e-04 7.150146476878683263e-04 5.089699878571850300e-03
-6.421430640737006988e-06 -1.439008464741836861e-06 -1.091797361342734999e-07 -1.516904010323011010e-07 4.905968928655315787e-07 -2.127018777220980686e-06 -1.485267581242605676e-05 -1.771193335980688970e-06 -1.596525704641729681e-06 -9.874449232149679333e-08 -7.126338001959689766e-07 2.988034882442875372e-03 -2.951280781915463611e-04 1.878026035781122293e-04 -5.853173401008307649e-04 -1.185197304383342346e-03 6.890042013099728201e-04 2.312703791139417587e-03 1.716146415405575163e-03 4.341571967717944638e-03 6.444777697803354653e-04 -6.299605601838590904e-03 -4.046102883510612098e-03 -3.750556316081012759e-04 7.552499597186392412e-04 -2.423143256692800477e-04 2.951707325296826397e-03 5.551513951680599884e-04 -9.709369242515051256e-04
-1.907680590950762111e-05 -1.838743621851704988e-06 2.640336158945317492e-07 -4.874584812429614955e-07 2.449413920330932272e-06 -2.111753982928288634e-05 -1.154528929260621430e-04 -8.550199537648658056e-06 -2.996320781602052285e-06 -3.528997684414862204e-07 -8.067274348248632702e-07 1.947572197366692712e-03 -4.927164179130455630e-04 4.341803557926559969e-03 -6.634269877236147368e-03 -4.498715820655842246e-03 8.852353174467015792e-04 4.669859478916147354e-03 3.489439195898696999e-03 -1.903788520005789131e-02 2.786593540323799561e-03 7.880490929333648642e-03 9.891190253791861883e-03 -1.640161254932212662e-04 2.294867283543580185e-05 7.150146476878683263e-04 5.551513951680599884e-04 6.411660232541443148e-03 7.901093838478085232e-03
-8.104039720467888042e-05 -1.259719191456123509e-05 -4.773709766207222998e-07 -1.969654954924360950e-06 8.393430341417485412e-06 3.871379222147670662e-05 -6.015383851040376206e-04 -4.303736057640554068e-05 -8.172169243196084740e-07 -2.450424934602512216e-06 -1.202776278546292496e-06 5.226067515289394005e-02 -4.709494494055999937e-04 1.206838244696901204e-03 -1.381623426514370055e-03 -5.412537666617540932e-03 1.180874367997312990e-02 5.437700698246106940e-03 -2.644216896382819634e-02 -4.216469359378204051e-02 2.140136136201671244e-02 4.865747710244091749e-04 -5.405312079329922109e-02 -1.317375408273753858e-04 -7.767654407050253234e-04 5.089699878571850300e-03 -9.709369242515051256e-04 7.901093838478085232e-03 7.478583321109009974e-02
