# logA ns theta_MC_100 ombh2 omch2 tau kappa Dl_Poisson_90x90 Dl_Poisson_90x150 Dl_Poisson_90x220 Dl_Poisson_150x150 Dl_Poisson_150x220 Dl_Poisson_220x220 ADust_TE_150 AlphaDust_TE ADust_EE_150 AlphaDust_EE mapTcal90 mapTcal150 mapTcal220 mapPcal90 mapPcal150 mapPcal220
6.417446523067210900e-04 -2.559139031611965204e-04 -1.861901288488646878e-06 2.059405456725304172e-06 2.536793193776525272e-05 9.713975254355089147e-05 1.161253432715841236e-07 8.942748914556510316e-07 3.684136981738560757e-07 6.749425500708301321e-07 -6.299489393917029373e-07 1.033469070612290435e-06 7.339240196519756022e-06 -2.611109258214358242e-05 1.527377404737871327e-06 1.951614764440608183e-06 1.350426473061244314e-06 8.499816962022116703e-06 9.401324622779615739e-06 1.047436342673036531e-05 1.037413832902246545e-04 1.053959063354344676e-04 1.043390504308727126e-04
-2.559139031611965204e-04 3.611118987764686200e-04 1.660944778162999702e-06 -1.591013955997405440e-06 -3.081157450045536676e-05 1.585061161637608444e-05 3.630060862086995834e-08 5.516908183317666366e-06 -8.728909598071653971e-07 -1.067088773100410413e-06 -6.824553387454725461e-07 4.460916921220845424e-07 3.305696451385398619e-06 6.136938922197332426e-05 8.991642652800515113e-07 -3.176125800704310394e-06 -3.062340682108532313e-06 8.047347503115576865e-06 8.878217804941456549e-06 5.891592871801509720e-06 -1.802345412621170247e-05 -1.804748713592447211e-05 -2.061149146654368006e-05
-1.861901288488646878e-06 1.660944778162999702e-06 5.110067461029304606e-07 2.955571322560430846e-08 -7.791277567839788372e-07 3.715707104182390540e-07 2.103818972727384757e-07 -3.286093247508662911e-08 -5.995869420893564791e-08 1.813863273439688125e-08 1.016111737003946544e-08 -8.786868716872939358e-08 2.369911771596271585e-07 4.901859679442407831e-07 -7.074997085540612381e-10 -1.126210860718179060e-07 -8.578486505444434981e-08 1.868498362290414375e-07 3.129792730591570430e-07 1.991414617619640794e-07 -6.112588224308996336e-07 -7.112861928197211795e-07 -6.525451695287704307e-07
2.059405456725304172e-06 -1.591013955997405440e-06 2.955571322560430846e-08 1.068287302203198174e-07 -2.436684938833200474e-07 5.666381925802845934e-08 -9.303394365204064394e-10 -4.959944620314563512e-08 2.272906643869830085e-08 9.081390268893392369e-09 -3.358176329104925878e-08 -1.427966352293368812e-08 -3.515536128201901635e-08 -1.505512251238120124e-06 6.025757514499050195e-09 -6.125633566315724866e-08 -7.444766197592501328e-09 -8.972975045608093637e-08 -1.427334654460267756e-07 -6.672560147701218269e-08 4.818474649604476966e-07 4.834625673073887433e-07 4.763284584802720709e-07
2.536793193776525272e-05 -3.081157450045536676e-05 -7.791277567839788372e-07 -2.436684938833200474e-07 1.363126220480653116e-05 -4.457336915108893551e-06 2.609306645546174087e-08 8.569454477360900890e-08 7.635373387179768353e-08 1.402171067908653768e-07 7.568921001321132287e-08 3.046703646789409907e-07 -3.649601502789957868e-07 -2.397618142131556586e-06 5.568628512524724011e-07 9.592103658012860461e-07 6.544188697918555068e-07 -7.994722880503989760e-07 -9.076508914913363445e-07 -1.115844842935730856e-06 -2.146368277404143896e-06 -1.156491367014812896e-06 -1.509998290885510993e-06
9.713975254355089147e-05 1.585061161637608444e-05 3.715707104182390540e-07 5.666381925802845934e-08 -4.457336915108893551e-06 5.327946301210476743e-05 6.638699720195344649e-08 2.623151187606502905e-06 5.486347647303717544e-08 -2.211057091328116142e-08 -3.906335660888964550e-08 2.142254623328631787e-07 2.485781239550115086e-06 2.811986944653408840e-06 6.480913009703898288e-07 -9.867821391345041231e-08 -7.820805497951846367e-07 -9.640784766433990980e-07 -7.820959678566420896e-07 -5.089816273524061202e-07 3.668358029632678559e-06 3.210117569116087213e-06 3.477326907837523758e-06
1.161253432715840839e-07 3.630060862086994511e-08 2.103818972727384757e-07 -9.303394365204059224e-10 2.609306645546173425e-08 6.638699720195345973e-08 2.065143766219646262e-07 1.129022008070410758e-08 -6.101563918543661780e-08 -4.237087342449912866e-10 1.402248886733531765e-08 -1.220143781957446666e-08 1.705602950082821009e-07 -3.876603285681814330e-07 -5.084029055793298279e-08 -6.638416973995818724e-08 -3.543144798014180088e-08 -2.991777036120596701e-08 1.251589403455096890e-08 1.847916758747126442e-08 -2.937364348784120620e-09 -2.137880975771987529e-08 -5.722008689425243983e-08
8.942748914556511374e-07 5.516908183317666366e-06 -3.286093247508658941e-08 -4.959944620314564174e-08 8.569454477360900890e-08 2.623151187606502905e-06 1.129022008070411916e-08 1.480278140133965215e-04 -9.171242632165987936e-08 1.139226232901748848e-06 -5.126107199740964621e-07 4.905725901138182688e-08 1.844616822789044988e-06 -9.927933355271717405e-06 1.024848831146303915e-07 -1.831737815768144141e-06 6.760567121758913323e-08 5.594214945749925757e-07 7.586036439874392561e-07 8.584464719916763672e-08 -1.214899363342846457e-06 -7.141770731801118452e-07 -2.029699536261696475e-07
3.684136981738557052e-07 -8.728909598071651853e-07 -5.995869420893567437e-08 2.272906643869831078e-08 7.635373387179763059e-08 5.486347647303719529e-08 -6.101563918543661780e-08 -9.171242632166005142e-08 2.922368984286076720e-05 1.940756953261325950e-07 5.185914800458661944e-08 -7.448554802143694566e-07 2.744956895113629572e-07 -8.784157291167455744e-06 -3.980638309262462796e-07 -5.031945998793829370e-07 1.066969488255568025e-06 -4.745453388839343086e-07 -4.429585134784934082e-07 -1.314130782436177717e-07 -4.584703333958751338e-07 -2.683337909927072138e-07 -7.709850371713440119e-07
6.749425500708303439e-07 -1.067088773100410201e-06 1.813863273439687794e-08 9.081390268893394024e-09 1.402171067908654562e-07 -2.211057091328116142e-08 -4.237087342449968701e-10 1.139226232901748848e-06 1.940756953261325421e-07 2.211445367416884169e-05 -1.753729044210645389e-07 1.379423745286448946e-07 -1.026896015603297854e-06 -4.202857184759767945e-06 -4.738588767453133249e-07 -8.133574098410517266e-07 8.140336560418531336e-07 -2.701503036458372719e-07 -4.956573077068792407e-08 -2.803800913616555259e-07 -3.148320667558346544e-07 5.173315279555733849e-08 1.866235198484058748e-07
-6.299489393917030432e-07 -6.824553387454729696e-07 1.016111737003947206e-08 -3.358176329104925217e-08 7.568921001321132287e-08 -3.906335660888963888e-08 1.402248886733532262e-08 -5.126107199740964621e-07 5.185914800458647385e-08 -1.753729044210645124e-07 1.220566265609810414e-05 4.951625103633714112e-07 -8.018536822093095830e-07 2.301104136410108419e-06 6.821935445683831033e-08 1.300066083028361310e-07 7.765564357991196272e-07 -5.624238550638147055e-09 -2.801823089793762000e-07 -1.645775664817571558e-07 -3.155754309719440125e-07 -3.723297512443739249e-07 -9.220555960770538444e-07
1.033469070612290012e-06 4.460916921220847012e-07 -8.786868716872939358e-08 -1.427966352293369308e-08 3.046703646789409377e-07 2.142254623328631257e-07 -1.220143781957446666e-08 4.905725901138146954e-08 -7.448554802143694566e-07 1.379423745286448681e-07 4.951625103633715171e-07 3.332303404242597513e-05 -2.338415140652396830e-08 -1.122794775095780992e-05 1.039080335282212593e-06 -7.655758098018773506e-07 -1.300876855531289041e-06 -1.907205397185001440e-07 3.211232277987343469e-07 -4.555593252737568904e-07 2.943924025056992720e-07 2.268155170785028340e-07 8.685556998629348845e-07
7.339240196519756022e-06 3.305696451385398619e-06 2.369911771596271056e-07 -3.515536128201901635e-08 -3.649601502789957868e-07 2.485781239550115086e-06 1.705602950082821009e-07 1.844616822789043929e-06 2.744956895113631161e-07 -1.026896015603298278e-06 -8.018536822093096889e-07 -2.338415140652408080e-08 1.953460782923413562e-04 2.799449389298896484e-06 -7.088972442447389039e-07 1.982519328128925500e-06 -1.451803268023240268e-06 -2.478014290075524942e-07 6.688517602736909986e-08 1.903855495540765176e-07 1.193558911132897374e-06 2.058281933384031453e-06 1.785921641041288797e-06
-2.611109258214358919e-05 6.136938922197332426e-05 4.901859679442408890e-07 -1.505512251238120124e-06 -2.397618142131557010e-06 2.811986944653408416e-06 -3.876603285681814859e-07 -9.927933355271715711e-06 -8.784157291167455744e-06 -4.202857184759769639e-06 2.301104136410107995e-06 -1.122794775095781331e-05 2.799449389298901143e-06 4.902870867106669597e-03 1.644595895619767583e-05 -1.640319237474066128e-05 -1.383453914790226043e-05 2.800259310837003330e-06 1.427466022250122985e-06 -1.015497061818642021e-05 3.580554751479897468e-07 4.216843504940594788e-06 5.024993084108153471e-06
1.527377404737871327e-06 8.991642652800515113e-07 -7.074997085540612381e-10 6.025757514499050195e-09 5.568628512524724011e-07 6.480913009703899347e-07 -5.084029055793298279e-08 1.024848831146304576e-07 -3.980638309262461207e-07 -4.738588767453134307e-07 6.821935445683841621e-08 1.039080335282212805e-06 -7.088972442447385862e-07 1.644595895619767922e-05 9.776913186261977336e-05 2.793587166382499386e-06 -6.557409256949891977e-07 -2.069521427743776620e-07 -5.168205473037978599e-07 -5.393942302548740200e-07 -2.795496499961937378e-07 -2.272494053319744588e-07 -6.646410973802710577e-07
1.951614764440608183e-06 -3.176125800704310394e-06 -1.126210860718179060e-07 -6.125633566315724866e-08 9.592103658012860461e-07 -9.867821391345045202e-08 -6.638416973995820048e-08 -1.831737815768144565e-06 -5.031945998793830429e-07 -8.133574098410515149e-07 1.300066083028362368e-07 -7.655758098018774565e-07 1.982519328128925500e-06 -1.640319237474066128e-05 2.793587166382498962e-06 1.385711135066021330e-04 -1.158871929151555909e-07 -1.341503553248187707e-06 -1.458974229077246793e-07 -1.140327275901960978e-06 2.820917983176181026e-07 3.679599415850703448e-07 4.054504530438634335e-06
1.350426473061244314e-06 -3.062340682108532313e-06 -8.578486505444434981e-08 -7.444766197592501328e-09 6.544188697918555068e-07 -7.820805497951847425e-07 -3.543144798014182074e-08 6.760567121758877589e-08 1.066969488255567813e-06 8.140336560418536630e-07 7.765564357991196272e-07 -1.300876855531289041e-06 -1.451803268023240056e-06 -1.383453914790226381e-05 -6.557409256949891977e-07 -1.158871929151555909e-07 9.960091814793110550e-05 -1.058537404747764770e-06 -4.316340303884728829e-07 -8.273038886651431288e-07 1.790243958548660754e-07 -1.764297967907416788e-07 1.271222662696645892e-06
8.499816962022116703e-06 8.047347503115576865e-06 1.868498362290414375e-07 -8.972975045608093637e-08 -7.994722880503989760e-07 -9.640784766433990980e-07 -2.991777036120596701e-08 5.594214945749925757e-07 -4.745453388839343616e-07 -2.701503036458372719e-07 -5.624238550638213230e-09 -1.907205397185000117e-07 -2.478014290075524942e-07 2.800259310837004178e-06 -2.069521427743776620e-07 -1.341503553248187707e-06 -1.058537404747764770e-06 2.140595601810668552e-05 1.165844773498724293e-05 1.150172425664515136e-05 9.667359062036170759e-06 8.495866022874144815e-06 8.435006340711802703e-06
9.401324622779615739e-06 8.878217804941456549e-06 3.129792730591570430e-07 -1.427334654460267756e-07 -9.076508914913363445e-07 -7.820959678566420896e-07 1.251589403455097056e-08 7.586036439874392561e-07 -4.429585134784934082e-07 -4.956573077068792407e-08 -2.801823089793761470e-07 3.211232277987344528e-07 6.688517602736900721e-08 1.427466022250123409e-06 -5.168205473037978599e-07 -1.458974229077245734e-07 -4.316340303884728829e-07 1.165844773498724293e-05 2.179926500109914119e-05 1.124009937863725617e-05 9.480471235515141784e-06 9.933051529964283971e-06 9.148114634567771332e-06
1.047436342673036531e-05 5.891592871801509720e-06 1.991414617619640794e-07 -6.672560147701218269e-08 -1.115844842935730856e-06 -5.089816273524061202e-07 1.847916758747126442e-08 8.584464719916772936e-08 -1.314130782436177717e-07 -2.803800913616555788e-07 -1.645775664817571558e-07 -4.555593252737568904e-07 1.903855495540764117e-07 -1.015497061818642021e-05 -5.393942302548740200e-07 -1.140327275901960978e-06 -8.273038886651431288e-07 1.150172425664515136e-05 1.124009937863725617e-05 3.809106258210920483e-05 8.678893733201290667e-06 8.757288669349397992e-06 9.549186159534174832e-06
1.037413832902246545e-04 -1.802345412621170247e-05 -6.112588224308996336e-07 4.818474649604476966e-07 -2.146368277404143896e-06 3.668358029632678559e-06 -2.937364348784120620e-09 -1.214899363342846457e-06 -4.584703333958749750e-07 -3.148320667558346544e-07 -3.155754309719440654e-07 2.943924025056992720e-07 1.193558911132897374e-06 3.580554751479893232e-07 -2.795496499961937378e-07 2.820917983176179967e-07 1.790243958548660754e-07 9.667359062036170759e-06 9.480471235515141784e-06 8.678893733201290667e-06 4.791935645272185146e-05 3.863573566321786235e-05 3.786288483521457694e-05
1.053959063354344676e-04 -1.804748713592447211e-05 -7.112861928197211795e-07 4.834625673073887433e-07 -1.156491367014812896e-06 3.210117569116087213e-06 -2.137880975771985874e-08 -7.141770731801118452e-07 -2.683337909927071609e-07 5.173315279555720614e-08 -3.723297512443739249e-07 2.268155170785028340e-07 2.058281933384031453e-06 4.216843504940595635e-06 -2.272494053319744588e-07 3.679599415850702389e-07 -1.764297967907416788e-07 8.495866022874144815e-06 9.933051529964283971e-06 8.757288669349397992e-06 3.863573566321786235e-05 4.438544884932747302e-05 3.840990893802921722e-05
1.043390504308727126e-04 -2.061149146654368006e-05 -6.525451695287704307e-07 4.763284584802720709e-07 -1.509998290885510993e-06 3.477326907837522911e-06 -5.722008689425244645e-08 -2.029699536261695945e-07 -7.709850371713440119e-07 1.866235198484058748e-07 -9.220555960770538444e-07 8.685556998629348845e-07 1.785921641041287950e-06 5.024993084108152624e-06 -6.646410973802710577e-07 4.054504530438633488e-06 1.271222662696645892e-06 8.435006340711802703e-06 9.148114634567771332e-06 9.549186159534174832e-06 3.786288483521457694e-05 3.840990893802921722e-05 9.381178906709616838e-05
