# logA ns theta_MC_100 ombh2 omch2 tau kappa Tcal90 Tcal150 Tcal220 Ecal90 Ecal150 Ecal220 TT_Poisson_90x90 TT_Poisson_90x150 TT_Poisson_90x220 TT_Poisson_150x150 TT_Poisson_150x220 TT_Poisson_220x220 TT_GalCirrus_Amp TT_GalCirrus_Alpha TT_GalCirrus_Beta TT_CIBClustering_Amp TT_CIBClustering_Beta TT_tSZ_Amp TT_tSZ_CIB_corr TT_kSZ_Amp TE_PolGalDust_Amp TE_PolGalDust_Alpha TE_PolGalDust_Beta EE_Poisson_90x90 EE_Poisson_90x150 EE_Poisson_90x220 EE_Poisson_150x150 EE_Poisson_150x220 EE_Poisson_220x220 EE_PolGalDust_Amp EE_PolGalDust_Alpha EE_PolGalDust_Beta
4.144187389983854911e-04 -1.862407494344686177e-04 -1.319760475780286893e-06 1.453335588202674919e-06 2.199922492378107798e-05 9.464278131307401868e-05 1.040596417462777708e-07 2.870332484166092447e-05 2.786773267219922633e-05 2.349976145490927126e-05 3.230568537956470345e-05 3.176078874527886209e-05 3.418139940357067222e-05 2.404478903030281018e-03 5.118962026863764373e-04 7.589616260796107350e-04 -4.667471840740393179e-04 2.183534114626800235e-04 9.306774724191632306e-04 4.268991397898349064e-05 -1.113860273396175258e-05 3.371591334495607182e-06 3.523654258220727440e-04 9.475920084537994451e-06 4.253389220808417880e-04 -9.910199994256746041e-06 -9.388872160134234144e-04 -1.671765876031988321e-05 9.329674446242325390e-07 3.740827384448601414e-06 5.266075172497170244e-10 7.906399990281943792e-07 -8.458177808306159995e-07 -4.483816312243080715e-07 5.346336596137595991e-07 2.342218391484490675e-06 -5.010956986976891143e-06 -1.516032655977392450e-05 8.638298797814061055e-06
-1.862407494344686177e-04 2.692306220491051737e-04 2.603114186567385984e-06 -1.894843590765236238e-06 -2.623325727015028678e-05 1.015723954493965114e-05 -1.147329067691274515e-07 8.310431100106744822e-07 2.467746579162662285e-06 6.753698170061764112e-06 -1.054708875014394420e-06 5.788611558080532231e-07 -4.100680828733499075e-06 6.625585198672747332e-03 5.718080540462400913e-03 2.618918490354027809e-03 5.425696185973092646e-03 2.677745453057363365e-03 -2.609131789346793570e-05 -5.656111722314578446e-05 -1.358514602546392179e-07 1.296743818027312507e-06 5.917955304393112846e-04 -6.762550081284885058e-05 -1.293867262633651566e-03 8.099639584472568599e-05 -4.733510380146463588e-03 1.890491199594148436e-05 1.115384437777715038e-05 -1.448437846210357072e-06 -6.766409965616533223e-07 8.019427875577994569e-07 1.269700902401480684e-07 -4.924656716717765713e-07 -9.449607341915737874e-07 -2.870191671291538180e-06 -1.151441115609486859e-06 7.364400840607379200e-06 -1.176128391759066694e-05
-1.319760475780286893e-06 2.603114186567385984e-06 5.448572294195885999e-07 -7.032081661773974778e-09 -8.585659307487473709e-07 3.197427907164389815e-07 2.017299526914634401e-07 9.789409923807142593e-08 8.778203053701978965e-08 9.595522470175130525e-08 3.637480175524488820e-07 3.209663776511367073e-07 2.900920713122032359e-07 1.598224696789886021e-05 -3.953143219440408505e-06 -1.524902584177430803e-06 -2.465157815584703132e-05 -4.062403153819154212e-05 -1.044415489830458158e-04 -1.239083811060113249e-06 -5.701926377975459300e-07 -2.961198905605730802e-07 8.817835146191719872e-06 -3.972652496067248635e-07 -1.033282677885078989e-06 6.866785510827869256e-07 1.062667113122417760e-04 -1.184509034094662999e-08 -4.727942961490549884e-07 3.456547285411590001e-08 3.265176664481610481e-08 -4.840468138258929900e-09 2.638473163560651373e-08 1.508860103101076262e-09 -7.527534456876217075e-08 1.799982731502192873e-07 -2.444634643260213129e-07 3.425357033893847240e-07 -6.945343114939161948e-08
1.453335588202674919e-06 -1.894843590765236238e-06 -7.032081661773974778e-09 9.855837156172478555e-08 -1.096385487315079845e-07 8.281031114157990434e-08 -1.458182162628170489e-09 6.455354117038623547e-08 6.516272441119932146e-08 5.689694863316162116e-08 -5.485287076602192190e-08 -5.634720315340580300e-08 -2.166660809830673535e-08 5.395238542315546916e-05 3.804467684239230395e-05 1.332453465930589125e-05 2.569178051039979621e-05 1.175237649757796880e-05 2.356128202492058511e-05 1.491872610395850282e-06 -1.293522346129639761e-07 -2.705294642182443608e-08 5.050725607596407773e-06 -7.476783259187824556e-07 -1.469705350639064310e-05 6.038175768465419441e-07 -7.621218197087755645e-05 -3.728371059590284665e-07 -1.955438527747829556e-07 -8.676593045508136324e-08 5.786208461801896770e-08 -1.308057070271355965e-08 -1.272540033195993285e-08 1.040526744169354949e-08 6.266894174021468232e-09 -1.652253387192577169e-08 -7.101751933430209972e-09 1.021915007292330633e-07 1.889179946866924453e-07
2.199922492378107798e-05 -2.623325727015028678e-05 -8.585659307487473709e-07 -1.096385487315079845e-07 1.398152146369399646e-05 -4.128939080508250120e-06 4.619920657053916705e-08 -5.865700869211874377e-07 -3.651819629478751463e-07 -3.396541748302306734e-07 -4.444902906057625085e-06 -4.050485642852995022e-06 -4.551398740175548677e-06 -4.442734032130567137e-04 -2.888918426637205900e-04 -7.151985480118348100e-05 -1.765246535883114351e-04 4.491289216039339115e-06 4.349846532904752728e-05 -1.173897518656031500e-05 -9.107962898848835819e-07 6.855283567040320709e-07 -7.050106286452971147e-05 3.845079058516506174e-06 8.545198884676782417e-06 7.730440729106185287e-06 -4.454383345929498498e-04 -4.935616713291264113e-07 -1.411063121912252237e-06 2.645291016125531260e-07 -5.078360991974725072e-07 -9.630464903582844651e-08 -2.564157747822096072e-07 1.057713275635793301e-08 3.730771391175203827e-08 6.049434911360967279e-07 6.613078368110076521e-07 -1.701257172150094014e-06 1.035892505546524426e-06
9.464278131307401868e-05 1.015723954493965283e-05 3.197427907164389815e-07 8.281031114157990434e-08 -4.128939080508250120e-06 5.410871732385897384e-05 -7.369092289052589825e-09 -1.082140484502436952e-06 -9.816656070571530461e-07 -5.002485669826791152e-07 -5.953433582826888430e-08 -2.567144328284647249e-07 5.596400488287774973e-07 1.548724340133832199e-04 1.640951546811598690e-04 2.408793002115840220e-04 1.472263398421472648e-04 2.980306929634262423e-04 1.714629977726942389e-04 3.539801635826584551e-05 -1.921760931018133506e-06 2.508331272306550670e-06 -1.350314971927585642e-04 1.907372137247753519e-05 -1.777615375181098504e-04 1.906570635561037334e-05 -1.503395810845409026e-04 -2.033864731763819780e-06 3.109995353256763910e-06 1.012760555236354829e-06 7.569698654421350731e-07 5.323779072506233753e-07 -1.157541778461171613e-08 -4.022019237129279671e-07 6.623993009033759948e-08 -1.100529593129817727e-06 -1.660938724532858818e-06 -2.250797280683396337e-06 1.778158980833226987e-06
1.040596417462777443e-07 -1.147329067691274382e-07 2.017299526914634401e-07 -1.458182162628170282e-09 4.619920657053916705e-08 -7.369092289052576590e-09 1.992171259868680348e-07 2.497577936858130527e-09 3.863860036286701967e-09 2.673532756472210615e-08 1.683324318707539543e-09 8.661919781177837011e-09 3.834449258960862359e-09 3.031224764978901926e-06 -5.619433592127556413e-07 -8.106424693300130569e-07 -7.163726049971030590e-06 -2.453778803115774912e-05 -9.084573282929807379e-05 3.873937818648709128e-07 -3.321672928326166710e-07 -1.008049725042219443e-07 6.823680413578337563e-06 2.429256851924311053e-08 2.711572290778547021e-06 1.708617901761370248e-07 -3.727271630450221815e-06 -5.599835395674268838e-07 -4.366752424719011284e-07 -6.482302067924001241e-08 -4.083170831845771077e-08 -1.472143398367701102e-08 7.270327716109400899e-10 1.221596447461136392e-08 -2.617819660580218332e-08 6.852135678906384166e-08 1.633548575983676453e-08 3.279363867697240679e-07 1.555259583851997130e-07
2.870332484166092447e-05 8.310431100106744822e-07 9.789409923807142593e-08 6.455354117038623547e-08 -5.865700869211874377e-07 -1.082140484502436952e-06 2.497577936858129700e-09 1.854667557973273544e-05 1.753874587447720276e-05 1.537088915602508374e-05 1.424193835711135951e-05 1.451874930373325294e-05 1.377664126773576610e-05 4.441771721300389681e-05 -6.903800975260688047e-04 -1.824382629687099219e-04 -6.792884259868966958e-04 2.468203741986443726e-04 2.308507913213703449e-03 -2.062943882617941283e-05 -3.721140386620770970e-06 -7.855168500379987093e-07 5.786843625483531868e-05 1.288789974207743322e-05 7.201604510545558642e-04 -2.527938804087769933e-05 7.225224068863465203e-04 -2.216307920749132664e-06 1.429762420090066393e-06 3.007250043832653646e-07 -8.672783096644230479e-07 3.432669067542493576e-07 -2.106166946236181550e-08 -6.686311887811585272e-08 -2.639767985331038398e-07 1.113765974643797828e-06 -1.015545889449407916e-06 1.779877301349879668e-08 -1.790351277724727545e-06
2.786773267219922633e-05 2.467746579162662285e-06 8.778203053701978965e-08 6.516272441119932146e-08 -3.651819629478751463e-07 -9.816656070571530461e-07 3.863860036286702795e-09 1.753874587447720276e-05 1.786063887527847079e-05 1.697689984335405342e-05 1.403026283839391376e-05 1.443648132859953988e-05 1.377090310587476849e-05 8.851600695432255235e-04 -2.154220301150257060e-04 -2.877717844030079132e-04 -5.268307113780613254e-04 -1.545121327425679283e-04 1.450419989898983197e-03 -3.129736797317904429e-07 -2.870407183412555852e-06 -2.935899019876745976e-07 2.209349044763164304e-04 -8.190279062885209385e-06 1.901493750242326953e-04 4.591173263645756188e-06 1.088490724224533976e-03 -1.711368539063119782e-06 1.682524047868563543e-06 -2.376998303406976119e-08 -7.131356172047517137e-07 3.382505250917457384e-07 -5.698634460375751975e-09 -1.230184961326304036e-08 -2.772397504224074488e-07 9.285628332186222256e-07 -8.827927163605499349e-07 -5.793313187217307315e-07 -1.441967687162308150e-06
2.349976145490927126e-05 6.753698170061764112e-06 9.595522470175130525e-08 5.689694863316162116e-08 -3.396541748302306734e-07 -5.002485669826791152e-07 2.673532756472210615e-08 1.537088915602508374e-05 1.697689984335405342e-05 2.416318664733663684e-05 1.270482611197318353e-05 1.316014935349042042e-05 1.589978857192704786e-05 2.529743509323761214e-03 6.617515751807776002e-04 -1.231683469945875527e-03 -2.554938482751379866e-04 -1.424853553356108127e-03 -1.280288695005402707e-03 4.992387219227665006e-05 9.577006257795693110e-07 7.129749259356598932e-07 6.955992121301896947e-04 -3.844503510656332903e-05 -5.582908477955283565e-04 -1.335707543738262609e-05 8.198433282123916222e-04 -2.180039989762582695e-07 1.424556313148424219e-06 2.628693635555178659e-07 -1.587776163007706834e-07 2.941891688879232134e-07 6.899174096909388548e-08 -1.050612156382684980e-07 -1.838154741478743840e-07 1.125182339688694917e-07 -1.155367760219756269e-06 -1.025720806508468652e-06 -6.521786526082956931e-07
3.230568537956470345e-05 -1.054708875014394420e-06 3.637480175524488820e-07 -5.485287076602192190e-08 -4.444902906057625085e-06 -5.953433582826879165e-08 1.683324318707545540e-09 1.424193835711135951e-05 1.403026283839391376e-05 1.270482611197318353e-05 3.017284677739772087e-05 2.231879987078593417e-05 2.227265848308857134e-05 2.541640830684364135e-03 1.444378088495721453e-03 8.067028898485664300e-04 9.310693699753313764e-04 5.025819943030371403e-04 6.311686996484551504e-04 -4.244317225514812520e-06 -1.477734790180779327e-06 -7.423608472010284869e-07 4.242408759636764762e-04 -3.291240122268655044e-05 1.838799873547183764e-04 -1.592998577158289176e-05 -8.033416565595670814e-04 6.350841116323284420e-07 3.495737803310136731e-06 -6.985081799508293022e-07 -5.441747796606923359e-08 5.927697425246552753e-07 1.220764963724557526e-07 -7.055046724226637147e-08 1.934443642444329746e-07 9.435238217190812203e-08 -1.395860073824417969e-06 1.220348267726739081e-07 -5.226264191991228088e-06
3.176078874527886209e-05 5.788611558080532231e-07 3.209663776511367073e-07 -5.634720315340580300e-08 -4.050485642852995022e-06 -2.567144328284649366e-07 8.661919781177845283e-09 1.451874930373325294e-05 1.443648132859953988e-05 1.316014935349042042e-05 2.231879987078593417e-05 2.699498933145551001e-05 2.294570598628637323e-05 2.727352185743189654e-03 1.581717370051125655e-03 7.771868490405721376e-04 1.027600092989614747e-03 4.316287272282545934e-04 3.021992838017514794e-04 -1.879093998546530362e-05 -2.521225702144159454e-06 -5.080265342563002623e-07 4.695974763167765314e-04 -3.785040349100478682e-05 3.759361854324893236e-05 -3.922843098052333304e-06 -6.937978376858094020e-04 -1.280767528681011875e-07 2.263722507890213879e-06 -1.337642743396999528e-06 -7.366300265403284986e-07 2.900482164826184294e-07 1.817912415425760505e-07 1.173027754557440451e-07 -1.314977297297402488e-08 2.596755272277523697e-07 2.856110646430196530e-06 1.857277706324763875e-06 -4.279667286717065901e-06
3.418139940357067222e-05 -4.100680828733499075e-06 2.900920713122032359e-07 -2.166660809830673535e-08 -4.551398740175548677e-06 5.596400488287774973e-07 3.834449258960864014e-09 1.377664126773576610e-05 1.377090310587476849e-05 1.589978857192704786e-05 2.227265848308857134e-05 2.294570598628637323e-05 7.449858362820746603e-05 2.330403773384650580e-03 1.230482876317291275e-03 9.572520455456965706e-04 6.809268795529059776e-04 6.867692518618088039e-04 1.533283458111911338e-03 1.983754175140402853e-05 -4.833658501353990429e-06 -2.816207323493393535e-06 3.902040206408436416e-04 -3.643074985183162342e-05 1.777228276874006632e-04 -1.069190225861892571e-05 -6.323213916623515642e-04 -6.993509522085021210e-07 -1.314018352435321268e-06 1.045303944093994276e-06 4.694089061182254917e-07 -4.013004327120989102e-07 -1.177660423695704646e-08 2.788490858097221005e-07 2.278314684643980894e-08 2.433262006578656159e-06 1.152618788759894850e-05 5.009426375331541736e-06 2.628667476503266421e-06
2.404478903030281018e-03 6.625585198672747332e-03 1.598224696789886021e-05 5.395238542315546916e-05 -4.442734032130567137e-04 1.548724340133832199e-04 3.031224764978897267e-06 4.441771721300389681e-05 8.851600695432255235e-04 2.529743509323761214e-03 2.541640830684364135e-03 2.727352185743189654e-03 2.330403773384650580e-03 1.115439738512220380e+01 7.596541342525796381e+00 3.180532914427049551e+00 4.777205043596534750e+00 4.815070412210062933e-01 -4.763334859179039427e+00 1.315093170344220491e-02 6.095190290290368137e-05 5.325602396730985981e-04 1.114171891613733090e+00 -1.160300075096140776e-01 -2.614628380783353911e+00 1.126880404264590102e-01 -2.793682128985341517e+00 9.963046406595654856e-04 -2.534038455162925321e-04 4.472411324183563053e-04 -5.112644614949953112e-05 -3.538916763802410449e-05 -1.684580461803204918e-04 7.141140188368373231e-05 -3.899880434935067228e-04 -2.259744251627896741e-04 1.309743857822470866e-04 9.360482966267255492e-04 1.131524566918918565e-03
5.118962026863764373e-04 5.718080540462400913e-03 -3.953143219440410199e-06 3.804467684239230395e-05 -2.888918426637205900e-04 1.640951546811598961e-04 -5.619433592127603000e-07 -6.903800975260688047e-04 -2.154220301150257060e-04 6.617515751807776002e-04 1.444378088495721453e-03 1.581717370051125655e-03 1.230482876317291275e-03 7.596541342525796381e+00 6.074272581795067794e+00 3.686475428786992747e+00 4.562082742968494919e+00 1.712246379946313679e+00 -2.826628531928450538e+00 -1.197307345285373095e-03 -2.328744254892270427e-04 2.409545112286889230e-04 8.039730422612371141e-01 -9.095030572188918250e-02 -1.416946966363166638e+00 7.951574654304006951e-02 -3.317329881365776334e+00 6.729656197332839832e-04 -5.914890289947596653e-04 -2.925183586103515584e-04 1.368147242780443269e-04 -6.065733552547071430e-05 -9.509103280119828245e-05 8.999519709766602303e-05 -1.714519995722678478e-04 -2.701297477731944680e-04 -2.218604370920541403e-04 9.383069069431334121e-04 5.768644748145564452e-04
7.589616260796108434e-04 2.618918490354027809e-03 -1.524902584177433768e-06 1.332453465930589125e-05 -7.151985480118346744e-05 2.408793002115839136e-04 -8.106424693300126334e-07 -1.824382629687098677e-04 -2.877717844030079132e-04 -1.231683469945875527e-03 8.067028898485664300e-04 7.771868490405721376e-04 9.572520455456965706e-04 3.180532914427049551e+00 3.686475428786992747e+00 9.095879595668181494e+00 3.162060043071699411e+00 5.667029689419701199e+00 5.044832437371846723e+00 -4.501605215967520446e-02 -4.516256141548802804e-03 -1.068484382401378111e-03 -5.429421212909398692e-02 -1.032397823396274394e-01 -7.794279260406193899e-01 3.120116546462542995e-01 2.708353905153463304e-01 2.023769581417668700e-03 -7.678238010540282829e-04 -2.356778394343605858e-03 1.283496912498431597e-04 -3.423585327091163656e-05 6.588683258788567511e-06 6.797837103326131709e-05 -7.328836060559850297e-05 -3.628255055771374975e-04 -6.200079581744820335e-04 1.779457237892979535e-03 1.094761216307464213e-03
-4.667471840740393179e-04 5.425696185973092646e-03 -2.465157815584703471e-05 2.569178051039979621e-05 -1.765246535883114351e-04 1.472263398421472648e-04 -7.163726049971028896e-06 -6.792884259868966958e-04 -5.268307113780613254e-04 -2.554938482751380408e-04 9.310693699753313764e-04 1.027600092989614531e-03 6.809268795529059776e-04 4.777205043596534750e+00 4.562082742968494919e+00 3.162060043071699411e+00 4.453394694398030040e+00 3.039321955718435664e+00 -2.294982512865057986e-02 5.797143513276193511e-03 6.554533373373341333e-04 2.043423841368333343e-04 5.890697938010559104e-02 3.703248595214189004e-02 -3.874184469689721522e-01 -2.980701032483091834e-03 -3.846201484302043117e+00 2.767105590241080359e-04 -4.291350054323119661e-04 -3.669616450457372143e-04 1.084422961514849436e-04 -2.221874696191820486e-05 -7.956464014161716294e-05 1.043299615700579090e-04 -6.557216096885051457e-05 -1.442645066281854078e-04 -2.604074767152123786e-04 7.432142113796472551e-04 -3.060746762968744158e-05
2.183534114626799964e-04 2.677745453057363365e-03 -4.062403153819153535e-05 1.175237649757796880e-05 4.491289216039339115e-06 2.980306929634261881e-04 -2.453778803115774234e-05 2.468203741986443726e-04 -1.545121327425679283e-04 -1.424853553356108127e-03 5.025819943030371403e-04 4.316287272282545392e-04 6.867692518618088039e-04 4.815070412210062933e-01 1.712246379946313679e+00 5.667029689419701199e+00 3.039321955718435664e+00 7.634564961680725403e+00 1.473533699156807231e+01 4.340958043539721450e-02 1.831237571718887826e-03 -4.337649803175553254e-04 -1.525312887766902215e+00 1.268444862039483090e-01 3.434725153708882983e-01 9.826224031809750736e-02 -8.152962136062003040e-01 4.774332001298047987e-04 1.805329777367840991e-04 -1.223861756064748485e-03 3.035242042005881636e-05 -8.542466573727607114e-05 -6.386982757944322843e-05 9.191478093506628923e-05 3.741634477583408505e-05 -2.612698862617874844e-05 -3.420688645759935938e-04 1.285187948378617960e-03 -1.276709088713233106e-04
9.306774724191634474e-04 -2.609131789346793570e-05 -1.044415489830458158e-04 2.356128202492058173e-05 4.349846532904747985e-05 1.714629977726940492e-04 -9.084573282929807379e-05 2.308507913213703449e-03 1.450419989898983197e-03 -1.280288695005402707e-03 6.311686996484551504e-04 3.021992838017515878e-04 1.533283458111911338e-03 -4.763334859179039427e+00 -2.826628531928450538e+00 5.044832437371846723e+00 -2.294982512865056945e-02 1.473533699156806875e+01 7.219751519301459552e+01 4.226007949387364793e-01 2.106631630644328554e-02 -1.455763743181900677e-04 -2.560299119586225913e+00 -5.145533098026058294e-01 8.709519175628586130e-01 2.310187299724392185e-01 3.752200732933889782e+00 -1.113968824747516928e-03 2.501493585750948212e-03 -5.536562043276927044e-04 1.894370576408649094e-04 -6.041081619652222774e-04 -2.705734413234885767e-04 -4.685538307617087317e-05 -1.456958566840572641e-04 -3.254145751812701241e-04 -8.235594076256479374e-04 4.196099692582296210e-03 -2.352848617278420484e-03
4.268991397898350419e-05 -5.656111722314578446e-05 -1.239083811060112190e-06 1.491872610395850071e-06 -1.173897518656031839e-05 3.539801635826584551e-05 3.873937818648710187e-07 -2.062943882617941961e-05 -3.129736797317889606e-07 4.992387219227665006e-05 -4.244317225514815908e-06 -1.879093998546530362e-05 1.983754175140402514e-05 1.315093170344220144e-02 -1.197307345285367024e-03 -4.501605215967520446e-02 5.797143513276195245e-03 4.340958043539722144e-02 4.226007949387364793e-01 2.290342967217293413e-01 5.304380998673801457e-04 5.142222232705304520e-05 -4.347715920294972086e-02 -2.600853808210662650e-03 -5.556782920626669210e-03 -1.863748317288471028e-03 -7.891615507855193057e-03 -3.485291098726951128e-05 -4.380292291099137565e-05 9.972968050883284426e-05 -4.857940431607741399e-05 2.529534124766822609e-05 8.970330130095470074e-06 1.460419759604150974e-05 -5.885784561338290057e-05 -1.679370129575587201e-04 4.503185145084927907e-06 1.439339993841054250e-04 1.683430221680582597e-05
-1.113860273396175258e-05 -1.358514602546392179e-07 -5.701926377975459300e-07 -1.293522346129639761e-07 -9.107962898848835819e-07 -1.921760931018133506e-06 -3.321672928326166710e-07 -3.721140386620770970e-06 -2.870407183412555852e-06 9.577006257795693110e-07 -1.477734790180779327e-06 -2.521225702144159454e-06 -4.833658501353990429e-06 6.095190290290348486e-05 -2.328744254892271511e-04 -4.516256141548802804e-03 6.554533373373341333e-04 1.831237571718887826e-03 2.106631630644328554e-02 5.304380998673801457e-04 2.614981885093610112e-03 7.784038171655975992e-07 -4.011573967382804987e-03 8.754979794745951639e-05 -1.635577676413059824e-04 -2.093712263305046292e-04 -1.988839114103068632e-03 -2.689914464758008834e-05 -3.651604965618748778e-05 -8.899872287908971454e-06 -4.121635473655284901e-06 2.208729473633731205e-06 2.981388561292512940e-06 -7.318987644492593920e-07 -2.562793559863908683e-06 1.285255841498071053e-05 5.072183708778287003e-06 -1.255179443873093118e-05 9.102954421322900465e-06
3.371591334495607182e-06 1.296743818027312507e-06 -2.961198905605730802e-07 -2.705294642182443608e-08 6.855283567040320709e-07 2.508331272306551517e-06 -1.008049725042219575e-07 -7.855168500379987093e-07 -2.935899019876745976e-07 7.129749259356598932e-07 -7.423608472010284869e-07 -5.080265342563002623e-07 -2.816207323493393535e-06 5.325602396730988149e-04 2.409545112286889230e-04 -1.068484382401378111e-03 2.043423841368333072e-04 -4.337649803175553254e-04 -1.455763743181901762e-04 5.142222232705304520e-05 7.784038171655975992e-07 4.026045236652823437e-04 -1.137727387455359028e-04 9.319792350560224730e-06 -3.746283054097388995e-04 -3.409109809485567319e-05 -2.791570726900016253e-04 -9.863168835258579245e-06 1.010783612819092525e-05 -6.629031239007245417e-06 -3.753657696691462234e-06 1.797124326367821368e-06 7.938784793979473817e-08 -5.921013991029454271e-07 -6.941439428420827807e-07 2.433132261117579263e-06 4.262793044138050960e-06 -7.389245634575572930e-06 3.529485424357903931e-06
3.523654258220727440e-04 5.917955304393112846e-04 8.817835146191718178e-06 5.050725607596407773e-06 -7.050106286452971147e-05 -1.350314971927585642e-04 6.823680413578337563e-06 5.786843625483531868e-05 2.209349044763164304e-04 6.955992121301898031e-04 4.242408759636764762e-04 4.695974763167765314e-04 3.902040206408435873e-04 1.114171891613733090e+00 8.039730422612371141e-01 -5.429421212909397998e-02 5.890697938010559104e-02 -1.525312887766902215e+00 -2.560299119586225913e+00 -4.347715920294972086e-02 -4.011573967382804987e-03 -1.137727387455359299e-04 1.228848320645012482e+00 -2.125356567830563037e-01 -9.970870994214420246e-02 6.429312832541998410e-03 -9.891107026672552038e-01 -4.528664389778291817e-05 -1.990543946098832036e-04 -2.861569502676523024e-04 2.948540963335431861e-04 -5.134528247369161063e-05 -2.578739508089258103e-05 -8.860758096117221283e-06 -3.140642383246221292e-05 4.510586738386734516e-06 4.863184760472631749e-05 4.648975204381140905e-05 9.082416012437354155e-05
9.475920084537994451e-06 -6.762550081284885058e-05 -3.972652496067248635e-07 -7.476783259187823497e-07 3.845079058516506174e-06 1.907372137247753519e-05 2.429256851924368294e-08 1.288789974207742814e-05 -8.190279062885209385e-06 -3.844503510656332903e-05 -3.291240122268655044e-05 -3.785040349100478682e-05 -3.643074985183160987e-05 -1.160300075096140776e-01 -9.095030572188918250e-02 -1.032397823396274533e-01 3.703248595214189004e-02 1.268444862039483090e-01 -5.145533098026058294e-01 -2.600853808210662216e-03 8.754979794745951639e-05 9.319792350560224730e-06 -2.125356567830563037e-01 5.996521039090259991e-02 4.894382298986196811e-02 -1.577870068107321139e-02 -2.287259363073307697e-02 -2.974808810835856461e-05 1.858568333023807563e-05 1.277765655661848587e-04 -4.934344125910166421e-05 1.448113953879966792e-05 8.269628774529074535e-06 2.311886229005120913e-06 7.663584142162281409e-06 1.979076935788848506e-05 1.266934435482362915e-05 -1.159758455660997505e-04 2.209438115387867755e-05
4.253389220808417880e-04 -1.293867262633651566e-03 -1.033282677885080471e-06 -1.469705350639064310e-05 8.545198884676797664e-06 -1.777615375181097962e-04 2.711572290778548291e-06 7.201604510545558642e-04 1.901493750242326953e-04 -5.582908477955284650e-04 1.838799873547183493e-04 3.759361854324891881e-05 1.777228276874006903e-04 -2.614628380783353911e+00 -1.416946966363166638e+00 -7.794279260406193899e-01 -3.874184469689720967e-01 3.434725153708882983e-01 8.709519175628587240e-01 -5.556782920626667475e-03 -1.635577676413062535e-04 -3.746283054097388995e-04 -9.970870994214420246e-02 4.894382298986196811e-02 1.863210985259638797e+00 -1.762959866358635441e-01 -2.436553856247099414e+00 -1.005658285787755860e-03 3.633417332949083998e-04 4.900360698487060110e-05 2.407898335656109194e-04 -3.263420729868109584e-05 3.534398898893271730e-05 -1.313940226164265531e-05 1.163389232436817512e-04 2.406853358083957970e-04 -1.710448457940883557e-04 4.603282412624916111e-06 -8.165099077054245895e-04
-9.910199994256757900e-06 8.099639584472568599e-05 6.866785510827873491e-07 6.038175768465419441e-07 7.730440729106185287e-06 1.906570635561038012e-05 1.708617901761374747e-07 -2.527938804087769933e-05 4.591173263645755341e-06 -1.335707543738262440e-05 -1.592998577158289515e-05 -3.922843098052334151e-06 -1.069190225861892740e-05 1.126880404264590102e-01 7.951574654304006951e-02 3.120116546462542995e-01 -2.980701032483093135e-03 9.826224031809749349e-02 2.310187299724392185e-01 -1.863748317288471679e-03 -2.093712263305046563e-04 -3.409109809485566642e-05 6.429312832541997542e-03 -1.577870068107321139e-02 -1.762959866358635441e-01 3.505619514245065377e-02 4.221539943890704194e-01 2.129152524909972029e-04 -1.833152040464231658e-05 -1.497718447930566487e-04 -2.702051832606223203e-05 -2.062391893710141059e-06 3.825023025685436633e-06 4.050067596521692003e-07 -7.885374050077464996e-06 -3.862345031394422753e-05 -6.310864442118358010e-06 5.951117114785315276e-05 7.730363069773587377e-05
-9.388872160134234144e-04 -4.733510380146463588e-03 1.062667113122417895e-04 -7.621218197087755645e-05 -4.454383345929497414e-04 -1.503395810845408755e-04 -3.727271630450215462e-06 7.225224068863468456e-04 1.088490724224534193e-03 8.198433282123916222e-04 -8.033416565595670814e-04 -6.937978376858094020e-04 -6.323213916623515642e-04 -2.793682128985341517e+00 -3.317329881365776334e+00 2.708353905153463304e-01 -3.846201484302043117e+00 -8.152962136062003040e-01 3.752200732933889782e+00 -7.891615507855196526e-03 -1.988839114103068198e-03 -2.791570726900017879e-04 -9.891107026672552038e-01 -2.287259363073307697e-02 -2.436553856247098970e+00 4.221539943890704194e-01 1.086429668664137971e+01 2.359844142159500148e-03 5.360071939301834959e-05 -1.434330267042403751e-03 -7.244088569182344575e-04 1.704047236368876658e-04 1.602112457047602501e-04 -9.259946782138545681e-05 -1.508173405139510775e-04 -2.640144428738963253e-04 3.549749145628682337e-04 -4.916226017701743169e-04 7.242884491735548111e-04
-1.671765876031988660e-05 1.890491199594148097e-05 -1.184509034094661179e-08 -3.728371059590284665e-07 -4.935616713291267289e-07 -2.033864731763819357e-06 -5.599835395674268838e-07 -2.216307920749132664e-06 -1.711368539063119570e-06 -2.180039989762582166e-07 6.350841116323284420e-07 -1.280767528681011875e-07 -6.993509522085025445e-07 9.963046406595657024e-04 6.729656197332840916e-04 2.023769581417668700e-03 2.767105590241080359e-04 4.774332001298045277e-04 -1.113968824747515194e-03 -3.485291098726949095e-05 -2.689914464758008496e-05 -9.863168835258580939e-06 -4.528664389778274877e-05 -2.974808810835856461e-05 -1.005658285787755860e-03 2.129152524909971758e-04 2.359844142159499714e-03 2.490343737273460496e-03 6.465890537703230048e-05 4.308116153147458708e-05 1.962718279752611424e-06 7.188399340439729963e-07 2.879424630200872697e-06 -2.522052817106129320e-07 -2.892669633196044631e-06 -8.311308155687266002e-06 -6.875356311032702119e-06 -1.894808613130669929e-05 -1.458594503267385056e-05
9.329674446242325390e-07 1.115384437777715038e-05 -4.727942961490549884e-07 -1.955438527747829556e-07 -1.411063121912252025e-06 3.109995353256764757e-06 -4.366752424719011284e-07 1.429762420090066393e-06 1.682524047868563543e-06 1.424556313148424219e-06 3.495737803310136731e-06 2.263722507890213879e-06 -1.314018352435321268e-06 -2.534038455162925321e-04 -5.914890289947596653e-04 -7.678238010540282829e-04 -4.291350054323118577e-04 1.805329777367838280e-04 2.501493585750948212e-03 -4.380292291099142308e-05 -3.651604965618748778e-05 1.010783612819092525e-05 -1.990543946098832307e-04 1.858568333023807224e-05 3.633417332949083998e-04 -1.833152040464232336e-05 5.360071939301845124e-05 6.465890537703231403e-05 1.604671744852875564e-03 1.781526775445253587e-05 1.074230309324531278e-08 -3.265965202393218450e-06 -2.826940108570190607e-06 1.666613840963328108e-06 3.345343467576319306e-06 -9.361557779603041424e-07 4.014322855555367577e-06 -2.479854645898476093e-06 1.555398622767707090e-06
3.740827384448601414e-06 -1.448437846210357072e-06 3.456547285411590001e-08 -8.676593045508136324e-08 2.645291016125531260e-07 1.012760555236354829e-06 -6.482302067923999917e-08 3.007250043832653646e-07 -2.376998303406976119e-08 2.628693635555178659e-07 -6.985081799508293022e-07 -1.337642743396999528e-06 1.045303944093994276e-06 4.472411324183561969e-04 -2.925183586103517210e-04 -2.356778394343605424e-03 -3.669616450457372685e-04 -1.223861756064748051e-03 -5.536562043276924876e-04 9.972968050883283071e-05 -8.899872287908971454e-06 -6.629031239007245417e-06 -2.861569502676523024e-04 1.277765655661848587e-04 4.900360698487060110e-05 -1.497718447930566487e-04 -1.434330267042403968e-03 4.308116153147458708e-05 1.781526775445253587e-05 1.564639281429303736e-03 6.077210898882265663e-06 -6.215153833320431656e-07 1.933430899926199136e-06 1.689579446374952972e-06 -2.457224404174848740e-06 1.947182156189134657e-06 -2.537800737915779942e-06 9.813299920610314609e-07 -2.335712320884277986e-06
5.266075172493838774e-10 -6.766409965616534282e-07 3.265176664481610481e-08 5.786208461801898755e-08 -5.078360991974725072e-07 7.569698654421350731e-07 -4.083170831845771077e-08 -8.672783096644231537e-07 -7.131356172047519254e-07 -1.587776163007707628e-07 -5.441747796606931962e-08 -7.366300265403284986e-07 4.694089061182254388e-07 -5.112644614949957855e-05 1.368147242780443540e-04 1.283496912498431326e-04 1.084422961514849436e-04 3.035242042005876893e-05 1.894370576408647467e-04 -4.857940431607741399e-05 -4.121635473655285748e-06 -3.753657696691461387e-06 2.948540963335431861e-04 -4.934344125910165743e-05 2.407898335656109194e-04 -2.702051832606224897e-05 -7.244088569182343491e-04 1.962718279752612271e-06 1.074230309324569493e-08 6.077210898882268204e-06 1.467950148208803829e-04 -3.862138288847071510e-07 2.032500470339934657e-08 -9.968025409127665235e-08 9.774353149303178238e-07 -2.201317672529244125e-06 1.179348586104779446e-07 4.357073390804319193e-06 -3.672569114852231379e-06
7.906399990281946968e-07 8.019427875577994569e-07 -4.840468138258936517e-09 -1.308057070271355469e-08 -9.630464903582843328e-08 5.323779072506232694e-07 -1.472143398367702591e-08 3.432669067542493576e-07 3.382505250917456854e-07 2.941891688879231604e-07 5.927697425246552753e-07 2.900482164826184824e-07 -4.013004327120990161e-07 -3.538916763802412482e-05 -6.065733552547074141e-05 -3.423585327091165011e-05 -2.221874696191823535e-05 -8.542466573727604403e-05 -6.041081619652222774e-04 2.529534124766822948e-05 2.208729473633731628e-06 1.797124326367820944e-06 -5.134528247369161063e-05 1.448113953879966453e-05 -3.263420729868108229e-05 -2.062391893710141059e-06 1.704047236368877200e-04 7.188399340439727846e-07 -3.265965202393218450e-06 -6.215153833320435891e-07 -3.862138288847070451e-07 2.957627661651449029e-05 5.916444926543975100e-08 2.230931804226839617e-07 -6.104198839792105147e-08 -4.383017017465854576e-07 -1.422371589437677585e-07 -6.235948014305734617e-07 -1.825632541649843230e-07
-8.458177808306156818e-07 1.269700902401478831e-07 2.638473163560650380e-08 -1.272540033195992954e-08 -2.564157747822096072e-07 -1.157541778461169132e-08 7.270327716109384356e-10 -2.106166946236181550e-08 -5.698634460375835521e-09 6.899174096909388548e-08 1.220764963724557262e-07 1.817912415425760770e-07 -1.177660423695714241e-08 -1.684580461803205189e-04 -9.509103280119824179e-05 6.588683258788576829e-06 -7.956464014161713583e-05 -6.386982757944320132e-05 -2.705734413234885225e-04 8.970330130095470074e-06 2.981388561292513364e-06 7.938784793979473817e-08 -2.578739508089259119e-05 8.269628774529072841e-06 3.534398898893273086e-05 3.825023025685437481e-06 1.602112457047603043e-04 2.879424630200872697e-06 -2.826940108570190607e-06 1.933430899926198289e-06 2.032500470339922745e-08 5.916444926543970468e-08 2.212790065507955914e-05 -3.204243051834388606e-07 3.476437907865065324e-08 -5.545984972858215309e-07 -9.624215081861697709e-07 1.668889905078078792e-06 -1.683563491919856267e-06
-4.483816312243081774e-07 -4.924656716717764654e-07 1.508860103101075021e-09 1.040526744169354949e-08 1.057713275635793301e-08 -4.022019237129280201e-07 1.221596447461135565e-08 -6.686311887811590566e-08 -1.230184961326302547e-08 -1.050612156382684848e-07 -7.055046724226633176e-08 1.173027754557440715e-07 2.788490858097222593e-07 7.141140188368374586e-05 8.999519709766600948e-05 6.797837103326130354e-05 1.043299615700579226e-04 9.191478093506628923e-05 -4.685538307617081896e-05 1.460419759604151312e-05 -7.318987644492591803e-07 -5.921013991029453212e-07 -8.860758096117233142e-06 2.311886229005120490e-06 -1.313940226164265193e-05 4.050067596521690415e-07 -9.259946782138548391e-05 -2.522052817106129320e-07 1.666613840963328320e-06 1.689579446374952761e-06 -9.968025409127674499e-08 2.230931804226839617e-07 -3.204243051834388606e-07 1.221395931058136897e-05 2.098894604658442009e-07 -1.201078231238560842e-06 8.172701333119175184e-07 3.452818238835436945e-07 1.455159391724901625e-06
5.346336596137590697e-07 -9.449607341915737874e-07 -7.527534456876217075e-08 6.266894174021472368e-09 3.730771391175205150e-08 6.623993009033750683e-08 -2.617819660580217670e-08 -2.639767985331038398e-07 -2.772397504224073959e-07 -1.838154741478743840e-07 1.934443642444330276e-07 -1.314977297297408443e-08 2.278314684643997768e-08 -3.899880434935067770e-04 -1.714519995722678207e-04 -7.328836060559847587e-05 -6.557216096885052812e-05 3.741634477583408505e-05 -1.456958566840571827e-04 -5.885784561338290057e-05 -2.562793559863909107e-06 -6.941439428420827807e-07 -3.140642383246223325e-05 7.663584142162283103e-06 1.163389232436817512e-04 -7.885374050077464996e-06 -1.508173405139510504e-04 -2.892669633196044207e-06 3.345343467576319306e-06 -2.457224404174849164e-06 9.774353149303180355e-07 -6.104198839792115735e-08 3.476437907865065324e-08 2.098894604658442009e-07 3.189374782441636576e-05 -2.162398084297917977e-07 -1.932452843793424086e-06 9.259434201124491923e-07 2.205605667212675593e-06
2.342218391484491099e-06 -2.870191671291538603e-06 1.799982731502192608e-07 -1.652253387192575845e-08 6.049434911360969397e-07 -1.100529593129817515e-06 6.852135678906384166e-08 1.113765974643797404e-06 9.285628332186222256e-07 1.125182339688693990e-07 9.435238217190812203e-08 2.596755272277524226e-07 2.433262006578656159e-06 -2.259744251627896199e-04 -2.701297477731944680e-04 -3.628255055771374433e-04 -1.442645066281853536e-04 -2.612698862617874167e-05 -3.254145751812700157e-04 -1.679370129575587201e-04 1.285255841498071223e-05 2.433132261117579263e-06 4.510586738386709952e-06 1.979076935788848845e-05 2.406853358083958783e-04 -3.862345031394423430e-05 -2.640144428738961627e-04 -8.311308155687266002e-06 -9.361557779603044600e-07 1.947182156189134657e-06 -2.201317672529244549e-06 -4.383017017465853517e-07 -5.545984972858215309e-07 -1.201078231238560842e-06 -2.162398084297917183e-07 2.037396785085487255e-04 -3.793895425173696844e-06 -9.543225035530567707e-06 -1.528001655727929943e-06
-5.010956986976891143e-06 -1.151441115609487071e-06 -2.444634643260213129e-07 -7.101751933430185984e-09 6.613078368110077580e-07 -1.660938724532859453e-06 1.633548575983674137e-08 -1.015545889449407704e-06 -8.827927163605503584e-07 -1.155367760219756692e-06 -1.395860073824418180e-06 2.856110646430196530e-06 1.152618788759895020e-05 1.309743857822470866e-04 -2.218604370920541403e-04 -6.200079581744823588e-04 -2.604074767152123786e-04 -3.420688645759934312e-04 -8.235594076256480458e-04 4.503185145084945695e-06 5.072183708778285309e-06 4.262793044138050960e-06 4.863184760472639203e-05 1.266934435482362237e-05 -1.710448457940884641e-04 -6.310864442118360551e-06 3.549749145628683421e-04 -6.875356311032706354e-06 4.014322855555369271e-06 -2.537800737915782906e-06 1.179348586104771902e-07 -1.422371589437674673e-07 -9.624215081861697709e-07 8.172701333119176243e-07 -1.932452843793424509e-06 -3.793895425173697691e-06 4.643252681279781777e-04 2.372221217059814201e-06 -2.947849548264683526e-06
-1.516032655977392450e-05 7.364400840607379200e-06 3.425357033893847240e-07 1.021915007292330633e-07 -1.701257172150094014e-06 -2.250797280683396337e-06 3.279363867697241209e-07 1.779877301349879668e-08 -5.793313187217307315e-07 -1.025720806508468652e-06 1.220348267726739081e-07 1.857277706324763875e-06 5.009426375331541736e-06 9.360482966267257661e-04 9.383069069431334121e-04 1.779457237892979535e-03 7.432142113796472551e-04 1.285187948378617960e-03 4.196099692582296210e-03 1.439339993841054521e-04 -1.255179443873093118e-05 -7.389245634575572930e-06 4.648975204381116511e-05 -1.159758455660997505e-04 4.603282412624866983e-06 5.951117114785310533e-05 -4.916226017701747506e-04 -1.894808613130670607e-05 -2.479854645898476093e-06 9.813299920610314609e-07 4.357073390804320040e-06 -6.235948014305739911e-07 1.668889905078079216e-06 3.452818238835434828e-07 9.259434201124489805e-07 -9.543225035530569401e-06 2.372221217059813778e-06 1.618082603185613940e-03 -9.832929398261740418e-06
8.638298797814061055e-06 -1.176128391759066694e-05 -6.945343114939161948e-08 1.889179946866924453e-07 1.035892505546524426e-06 1.778158980833226987e-06 1.555259583851997395e-07 -1.790351277724727545e-06 -1.441967687162308150e-06 -6.521786526082956931e-07 -5.226264191991228088e-06 -4.279667286717065901e-06 2.628667476503266421e-06 1.131524566918918565e-03 5.768644748145565536e-04 1.094761216307464213e-03 -3.060746762968736705e-05 -1.276709088713233920e-04 -2.352848617278420918e-03 1.683430221680572771e-05 9.102954421322900465e-06 3.529485424357903931e-06 9.082416012437359576e-05 2.209438115387868094e-05 -8.165099077054246979e-04 7.730363069773587377e-05 7.242884491735547027e-04 -1.458594503267385056e-05 1.555398622767707090e-06 -2.335712320884277138e-06 -3.672569114852230532e-06 -1.825632541649844288e-07 -1.683563491919856056e-06 1.455159391724901625e-06 2.205605667212675170e-06 -1.528001655727929096e-06 -2.947849548264681832e-06 -9.832929398261740418e-06 1.573056601086719221e-03
