# yp2 logA ns theta_MC_100 ombh2 omch2 tau
2.142586657800996515e-05 -1.710919261543494932e-05 7.552794204157045487e-06 -3.159806090903251451e-07 2.354201018393634830e-07 2.212137549670896374e-06 -1.706951396304447573e-06
-1.710919261543494932e-05 6.339990715869601003e-04 -1.400850948327129787e-07 3.213848804049113563e-06 1.522394421409548489e-06 -3.657292817892751765e-05 3.202251408758297643e-04
7.552794204157045487e-06 -1.400850948327129787e-07 1.439639658387536103e-04 9.179236374750230794e-07 -1.688063605961226532e-06 -4.706230047020807557e-06 5.680655538778815917e-05
-3.159806090903251451e-07 3.213848804049113563e-06 9.179236374750230794e-07 4.440829142391138268e-07 4.947565985116863156e-09 -3.317538307168873004e-07 1.683817664540110555e-06
2.354201018393634830e-07 1.522394421409548489e-06 -1.688063605961226532e-06 4.947565985116863156e-09 8.830499075157631687e-08 -9.070391459446618025e-08 3.806828490760415389e-07
2.212137549670896374e-06 -3.657292817892751765e-05 -4.706230047020807557e-06 -3.317538307168873004e-07 -9.070391459446618025e-08 4.880235977131564382e-06 -2.111724646234785632e-05
-1.706951396304447573e-06 3.202251408758297643e-04 5.680655538778815917e-05 1.683817664540110555e-06 3.806828490760415389e-07 -2.111724646234786309e-05 1.928582382675943371e-04
