# yp2 logA ns theta_MC_100 ombh2 omch2 tau
2.078030639592475619e-05 -1.371175740243871141e-05 8.472778474063956977e-06 -1.582159418731231136e-07 2.303428722970254691e-07 1.840570189802467759e-06 1.000611908270085452e-08
-1.371175740243871141e-05 1.099499462730769186e-04 -9.551628331594947514e-05 3.001986357318428454e-07 1.092126306425954254e-06 -1.701629878540418566e-06 3.495203367045064742e-06
8.472778474063956977e-06 -9.551628331594947514e-05 1.312656362527263516e-04 4.133743310909021888e-07 -1.941155048105267278e-06 1.851521996141168350e-06 8.674056623526919691e-07
-1.582159418731231136e-07 3.001986357318428454e-07 4.133743310909021888e-07 4.363728278534189606e-07 4.994327965835396162e-09 -1.228138433545569439e-07 -7.273437453981171148e-09
2.303428722970254691e-07 1.092126306425954254e-06 -1.941155048105267278e-06 4.994327965835396162e-09 8.928733833261731085e-08 -6.716450945534324549e-08 8.416786550507557179e-09
1.840570189802467759e-06 -1.701629878540418566e-06 1.851521996141168350e-06 -1.228138433545569439e-07 -6.716450945534324549e-08 2.586788664696543477e-06 -2.561704323942511435e-07
1.000611908270085452e-08 3.495203367045064742e-06 8.674056623526919691e-07 -7.273437453981171148e-09 8.416786550507557179e-09 -2.561704323942511435e-07 2.376888831317672817e-06
